0 0 -  I 93824992251369 64
0 0 0 L 140737488337976 8
0 0 0 L 93824992396344 4
0 0 0 L 140737488338224 8
0 0 2 L 93824992405784 4
0 0 -  I 93824992251393 64
0 0 3 L 93824992405784 4
0 0 4 S 93824992405784 4
0 0 -  I 93824992251401 64
0 0 -  I 93824992251414 64
0 0 9 S 93824992410640 4
0 0 -  I 93824992251369 64
0 0 3 L 140737488337976 8
0 0 0 L 93824992396348 4
0 0 0 L 140737488338224 8
0 0 2 L 93824992405788 4
0 0 -  I 93824992251393 64
0 0 3 L 93824992405788 4
0 0 4 S 93824992405788 4
0 0 -  I 93824992251401 64
0 0 -  I 93824992251414 64
0 0 9 S 93824992410644 4
0 0 -  I 93824992251369 64
0 0 3 L 140737488337976 8
0 0 0 L 93824992396352 4
0 0 0 L 140737488338224 8
0 0 2 L 93824992405796 4
0 0 -  I 93824992251393 64
0 0 3 L 93824992405796 4
0 0 4 S 93824992405796 4
0 0 -  I 93824992251401 64
0 0 -  I 93824992251414 64
0 0 9 S 93824992410648 4
0 0 -  I 93824992251369 64
0 0 3 L 140737488337976 8
0 0 0 L 93824992396356 4
0 0 0 L 140737488338224 8
0 0 2 L 93824992405840 4
0 0 -  I 93824992251393 64
0 0 3 L 93824992405840 4
0 0 4 S 93824992405840 4
0 0 -  I 93824992251401 64
0 0 -  I 93824992251414 64
0 0 9 S 93824992410652 4
0 0 -  I 93824992251369 64
0 0 3 L 140737488337976 8
0 0 0 L 93824992396360 4
0 0 0 L 140737488338224 8
0 0 2 L 93824992405844 4
0 0 -  I 93824992251393 64
0 0 3 L 93824992405844 4
0 0 4 S 93824992405844 4
0 0 -  I 93824992251401 64
0 0 -  I 93824992251414 64
0 0 9 S 93824992410656 4
0 0 -  I 93824992251369 64
0 0 3 L 140737488337976 8
0 0 0 L 93824992396364 4
0 0 0 L 140737488338224 8
0 0 2 L 93824992405848 4
0 0 -  I 93824992251393 64
0 0 3 L 93824992405848 4
0 0 4 S 93824992405848 4
0 0 -  I 93824992251401 64
0 0 -  I 93824992251414 64
0 0 9 S 93824992410660 4
0 0 -  I 93824992251442 64
0 0 -  I 93824992251369 64
0 0 0 L 140737488337976 8
0 0 0 L 93824992397400 4
0 0 0 L 140737488338224 8
0 0 2 L 93824992405856 4
0 0 -  I 93824992251360 64
0 0 -  I 93824992251369 64
0 0 3 L 140737488337976 8
0 0 0 L 93824992397404 4
0 0 0 L 140737488338224 8
0 0 2 L 93824992405980 4
0 0 -  I 93824992251360 64
0 0 -  I 93824992251442 64
0 0 -  I 93824992251369 64
0 0 0 L 140737488337976 8
0 0 0 L 93824992397728 4
0 0 0 L 140737488338224 8
0 0 2 L 93824992405944 4
0 0 -  I 93824992251360 64
0 0 -  I 93824992251369 64
0 0 3 L 140737488337976 8
0 0 0 L 93824992397732 4
0 0 0 L 140737488338224 8
0 0 2 L 93824992405948 4
0 0 -  I 93824992251360 64
0 0 -  I 93824992251369 64
0 0 3 L 140737488337976 8
0 0 0 L 93824992397736 4
0 0 0 L 140737488338224 8
0 0 2 L 93824992406052 4
0 0 -  I 93824992251360 64
0 0 -  I 93824992251369 64
0 0 3 L 140737488337976 8
0 0 0 L 93824992397740 4
0 0 0 L 140737488338224 8
0 0 2 L 93824992406060 4
0 0 -  I 93824992251360 64
0 0 -  I 93824992251442 64
0 0 -  I 93824992251369 64
0 0 0 L 140737488337976 8
0 0 0 L 93824992397596 4
0 0 0 L 140737488338224 8
0 0 2 L 93824992406020 4
0 0 -  I 93824992251393 64
0 0 3 L 93824992406020 4
0 0 4 S 93824992406020 4
0 0 -  I 93824992251401 64
0 0 -  I 93824992251414 64
0 0 9 S 93824992410640 4
0 0 -  I 93824992251369 64
0 0 3 L 140737488337976 8
0 0 0 L 93824992397600 4
0 0 0 L 140737488338224 8
0 0 2 L 93824992406028 4
0 0 -  I 93824992251393 64
0 0 3 L 93824992406028 4
0 0 4 S 93824992406028 4
0 0 -  I 93824992251401 64
0 0 -  I 93824992251414 64
0 0 9 S 93824992410644 4
0 0 -  I 93824992251442 64
0 0 -  I 93824992251369 64
0 0 0 L 140737488337976 8
0 0 0 L 93824992397580 4
0 0 0 L 140737488338224 8
0 0 2 L 93824992405972 4
0 0 -  I 93824992251393 64
0 0 3 L 93824992405972 4
0 0 4 S 93824992405972 4
0 0 -  I 93824992251401 64
0 0 -  I 93824992251414 64
0 0 9 S 93824992410640 4
0 0 -  I 93824992251369 64
0 0 3 L 140737488337976 8
0 0 0 L 93824992397584 4
0 0 0 L 140737488338224 8
0 0 2 L 93824992406016 4
0 0 -  I 93824992251393 64
0 0 3 L 93824992406016 4
0 0 4 S 93824992406016 4
0 0 -  I 93824992251401 64
0 0 -  I 93824992251414 64
0 0 9 S 93824992410644 4
0 0 -  I 93824992251369 64
0 0 3 L 140737488337976 8
0 0 0 L 93824992397588 4
0 0 0 L 140737488338224 8
0 0 2 L 93824992406024 4
0 0 -  I 93824992251360 64
0 0 -  I 93824992251369 64
0 0 3 L 140737488337976 8
0 0 0 L 93824992397592 4
0 0 0 L 140737488338224 8
0 0 2 L 93824992406028 4
0 0 -  I 93824992251360 64
0 0 -  I 93824992251442 64
0 0 -  I 93824992251369 64
0 0 0 L 140737488337976 8
0 0 0 L 93824992397348 4
0 0 0 L 140737488338224 8
0 0 2 L 93824992405928 4
0 0 -  I 93824992251393 64
0 0 3 L 93824992405928 4
0 0 4 S 93824992405928 4
0 0 -  I 93824992251401 64
0 0 -  I 93824992251414 64
0 0 9 S 93824992410640 4
0 0 -  I 93824992251369 64
0 0 3 L 140737488337976 8
0 0 0 L 93824992397352 4
0 0 0 L 140737488338224 8
0 0 2 L 93824992405960 4
0 0 -  I 93824992251393 64
0 0 3 L 93824992405960 4
0 0 4 S 93824992405960 4
0 0 -  I 93824992251401 64
0 0 -  I 93824992251414 64
0 0 9 S 93824992410644 4
0 0 -  I 93824992251369 64
0 0 3 L 140737488337976 8
0 0 0 L 93824992397356 4
0 0 0 L 140737488338224 8
0 0 2 L 93824992405964 4
0 0 -  I 93824992251393 64
0 0 3 L 93824992405964 4
0 0 4 S 93824992405964 4
0 0 -  I 93824992251401 64
0 0 -  I 93824992251414 64
0 0 9 S 93824992410648 4
0 0 -  I 93824992251369 64
0 0 3 L 140737488337976 8
0 0 0 L 93824992397360 4
0 0 0 L 140737488338224 8
0 0 2 L 93824992405972 4
0 0 -  I 93824992251360 64
0 0 -  I 93824992251369 64
0 0 3 L 140737488337976 8
0 0 0 L 93824992397364 4
0 0 0 L 140737488338224 8
0 0 2 L 93824992406016 4
0 0 -  I 93824992251360 64
0 0 -  I 93824992251369 64
0 0 3 L 140737488337976 8
0 0 0 L 93824992397368 4
0 0 0 L 140737488338224 8
0 0 2 L 93824992406028 4
0 0 -  I 93824992251360 64
0 0 -  I 93824992251369 64
0 0 3 L 140737488337976 8
0 0 0 L 93824992397372 4
0 0 0 L 140737488338224 8
0 0 2 L 93824992406036 4
0 0 -  I 93824992251360 64
0 0 -  I 93824992251369 64
0 0 3 L 140737488337976 8
0 0 0 L 93824992397376 4
0 0 0 L 140737488338224 8
0 0 2 L 93824992406040 4
0 0 -  I 93824992251393 64
0 0 3 L 93824992406040 4
0 0 4 S 93824992406040 4
0 0 -  I 93824992251401 64
0 0 -  I 93824992251414 64
0 0 9 S 93824992410652 4
0 0 -  I 93824992251442 64
0 0 -  I 93824992251369 64
0 0 0 L 140737488337976 8
0 0 0 L 93824992397628 4
0 0 0 L 140737488338224 8
0 0 2 L 93824992406028 4
0 0 -  I 93824992251360 64
0 0 -  I 93824992251369 64
0 0 3 L 140737488337976 8
0 0 0 L 93824992397632 4
0 0 0 L 140737488338224 8
0 0 2 L 93824992406036 4
0 0 -  I 93824992251360 64
0 0 -  I 93824992251442 64
0 0 -  I 93824992251369 64
0 0 0 L 140737488337976 8
0 0 0 L 93824992397636 4
0 0 0 L 140737488338224 8
0 0 2 L 93824992405968 4
0 0 -  I 93824992251360 64
0 0 -  I 93824992251369 64
0 0 3 L 140737488337976 8
0 0 0 L 93824992397640 4
0 0 0 L 140737488338224 8
0 0 2 L 93824992405972 4
0 0 -  I 93824992251360 64
0 0 -  I 93824992251369 64
0 0 3 L 140737488337976 8
0 0 0 L 93824992397644 4
0 0 0 L 140737488338224 8
0 0 2 L 93824992406028 4
0 0 -  I 93824992251360 64
0 0 -  I 93824992251369 64
0 0 3 L 140737488337976 8
0 0 0 L 93824992397648 4
0 0 0 L 140737488338224 8
0 0 2 L 93824992406032 4
0 0 -  I 93824992251360 64
0 0 -  I 93824992251369 64
0 0 3 L 140737488337976 8
0 0 0 L 93824992397652 4
0 0 0 L 140737488338224 8
0 0 2 L 93824992406040 4
0 0 -  I 93824992251360 64
0 0 -  I 93824992251442 64
0 0 -  I 93824992251369 64
0 0 0 L 140737488337976 8
0 0 0 L 93824992396084 4
0 0 0 L 140737488338224 8
0 0 2 L 93824992405740 4
0 0 -  I 93824992251360 64
0 0 -  I 93824992251369 64
0 0 3 L 140737488337976 8
0 0 0 L 93824992396088 4
0 0 0 L 140737488338224 8
0 0 2 L 93824992405772 4
0 0 -  I 93824992251360 64
0 0 -  I 93824992251369 64
0 0 3 L 140737488337976 8
0 0 0 L 93824992396092 4
0 0 0 L 140737488338224 8
0 0 2 L 93824992405816 4
0 0 -  I 93824992251360 64
0 0 -  I 93824992251442 64
0 0 -  I 93824992251369 64
0 0 0 L 140737488337976 8
0 0 0 L 93824992396032 4
0 0 0 L 140737488338224 8
0 0 2 L 93824992405728 4
0 0 -  I 93824992251393 64
0 0 3 L 93824992405728 4
0 0 4 S 93824992405728 4
0 0 -  I 93824992251401 64
0 0 -  I 93824992251414 64
0 0 9 S 93824992410640 4
0 0 -  I 93824992251369 64
0 0 3 L 140737488337976 8
0 0 0 L 93824992396036 4
0 0 0 L 140737488338224 8
0 0 2 L 93824992405736 4
0 0 -  I 93824992251393 64
0 0 3 L 93824992405736 4
0 0 4 S 93824992405736 4
0 0 -  I 93824992251401 64
0 0 -  I 93824992251414 64
0 0 9 S 93824992410644 4
0 0 -  I 93824992251369 64
0 0 3 L 140737488337976 8
0 0 0 L 93824992396040 4
0 0 0 L 140737488338224 8
0 0 2 L 93824992405756 4
0 0 -  I 93824992251393 64
0 0 3 L 93824992405756 4
0 0 4 S 93824992405756 4
0 0 -  I 93824992251401 64
0 0 -  I 93824992251414 64
0 0 9 S 93824992410648 4
0 0 -  I 93824992251369 64
0 0 3 L 140737488337976 8
0 0 0 L 93824992396044 4
0 0 0 L 140737488338224 8
0 0 2 L 93824992405760 4
0 0 -  I 93824992251393 64
0 0 3 L 93824992405760 4
0 0 4 S 93824992405760 4
0 0 -  I 93824992251401 64
0 0 -  I 93824992251414 64
0 0 9 S 93824992410652 4
0 0 -  I 93824992251369 64
0 0 3 L 140737488337976 8
0 0 0 L 93824992396048 4
0 0 0 L 140737488338224 8
0 0 2 L 93824992405764 4
0 0 -  I 93824992251393 64
0 0 3 L 93824992405764 4
0 0 4 S 93824992405764 4
0 0 -  I 93824992251401 64
0 0 -  I 93824992251414 64
0 0 9 S 93824992410656 4
0 0 -  I 93824992251442 64
0 0 -  I 93824992251369 64
0 0 0 L 140737488337976 8
0 0 0 L 93824992396016 4
0 0 0 L 140737488338224 8
0 0 2 L 93824992405732 4
0 0 -  I 93824992251360 64
0 0 -  I 93824992251369 64
0 0 3 L 140737488337976 8
0 0 0 L 93824992396020 4
0 0 0 L 140737488338224 8
0 0 2 L 93824992405748 4
0 0 -  I 93824992251393 64
0 0 3 L 93824992405748 4
0 0 4 S 93824992405748 4
0 0 -  I 93824992251401 64
0 0 -  I 93824992251414 64
0 0 9 S 93824992410640 4
0 0 -  I 93824992251369 64
0 0 3 L 140737488337976 8
0 0 0 L 93824992396024 4
0 0 0 L 140737488338224 8
0 0 2 L 93824992405752 4
0 0 -  I 93824992251393 64
0 0 3 L 93824992405752 4
0 0 4 S 93824992405752 4
0 0 -  I 93824992251401 64
0 0 -  I 93824992251414 64
0 0 9 S 93824992410644 4
0 0 -  I 93824992251369 64
0 0 3 L 140737488337976 8
0 0 0 L 93824992396028 4
0 0 0 L 140737488338224 8
0 0 2 L 93824992405756 4
0 0 -  I 93824992251360 64
0 0 -  I 93824992251442 64
0 0 -  I 93824992251369 64
0 0 0 L 140737488337976 8
0 0 0 L 93824992396052 4
0 0 0 L 140737488338224 8
0 0 2 L 93824992405732 4
0 0 -  I 93824992251360 64
0 0 -  I 93824992251369 64
0 0 3 L 140737488337976 8
0 0 0 L 93824992396056 4
0 0 0 L 140737488338224 8
0 0 2 L 93824992405740 4
0 0 -  I 93824992251393 64
0 0 3 L 93824992405740 4
0 0 4 S 93824992405740 4
0 0 -  I 93824992251401 64
0 0 -  I 93824992251414 64
0 0 9 S 93824992410648 4
0 0 -  I 93824992251369 64
0 0 3 L 140737488337976 8
0 0 0 L 93824992396060 4
0 0 0 L 140737488338224 8
0 0 2 L 93824992405764 4
0 0 -  I 93824992251360 64
0 0 -  I 93824992251442 64
0 0 -  I 93824992251369 64
0 0 0 L 140737488337976 8
0 0 0 L 93824992396140 4
0 0 0 L 140737488338224 8
0 0 2 L 93824992405728 4
0 0 -  I 93824992251360 64
0 0 -  I 93824992251369 64
0 0 3 L 140737488337976 8
0 0 0 L 93824992396144 4
0 0 0 L 140737488338224 8
0 0 2 L 93824992405732 4
0 0 -  I 93824992251360 64
0 0 -  I 93824992251369 64
0 0 3 L 140737488337976 8
0 0 0 L 93824992396148 4
0 0 0 L 140737488338224 8
0 0 2 L 93824992405752 4
0 0 -  I 93824992251360 64
0 0 -  I 93824992251369 64
0 0 3 L 140737488337976 8
0 0 0 L 93824992396152 4
0 0 0 L 140737488338224 8
0 0 2 L 93824992405760 4
0 0 -  I 93824992251360 64
0 0 -  I 93824992251369 64
0 0 3 L 140737488337976 8
0 0 0 L 93824992396156 4
0 0 0 L 140737488338224 8
0 0 2 L 93824992405788 4
0 0 -  I 93824992251393 64
0 0 3 L 93824992405788 4
0 0 4 S 93824992405788 4
0 0 -  I 93824992251401 64
0 0 -  I 93824992251414 64
0 0 9 S 93824992410652 4
0 0 -  I 93824992251369 64
0 0 3 L 140737488337976 8
0 0 0 L 93824992396160 4
0 0 0 L 140737488338224 8
0 0 2 L 93824992405796 4
0 0 -  I 93824992251360 64
0 0 -  I 93824992251442 64
0 0 -  I 93824992251369 64
0 0 0 L 140737488337976 8
0 0 0 L 93824992397580 4
0 0 0 L 140737488338224 8
0 0 2 L 93824992405972 4
0 0 -  I 93824992251360 64
0 0 -  I 93824992251369 64
0 0 3 L 140737488337976 8
0 0 0 L 93824992397584 4
0 0 0 L 140737488338224 8
0 0 2 L 93824992406016 4
0 0 -  I 93824992251360 64
0 0 -  I 93824992251369 64
0 0 3 L 140737488337976 8
0 0 0 L 93824992397588 4
0 0 0 L 140737488338224 8
0 0 2 L 93824992406024 4
0 0 -  I 93824992251360 64
0 0 -  I 93824992251369 64
0 0 3 L 140737488337976 8
0 0 0 L 93824992397592 4
0 0 0 L 140737488338224 8
0 0 2 L 93824992406028 4
0 0 -  I 93824992251360 64
0 0 -  I 93824992251442 64
0 0 -  I 93824992251369 64
0 0 0 L 140737488337976 8
0 0 0 L 93824992397596 4
0 0 0 L 140737488338224 8
0 0 2 L 93824992406020 4
0 0 -  I 93824992251360 64
0 0 -  I 93824992251369 64
0 0 3 L 140737488337976 8
0 0 0 L 93824992397600 4
0 0 0 L 140737488338224 8
0 0 2 L 93824992406028 4
0 0 -  I 93824992251360 64
0 0 -  I 93824992251442 64
0 0 -  I 93824992251369 64
0 0 0 L 140737488337976 8
0 0 0 L 93824992396504 4
0 0 0 L 140737488338224 8
0 0 2 L 93824992405808 4
0 0 -  I 93824992251393 64
0 0 3 L 93824992405808 4
0 0 4 S 93824992405808 4
0 0 -  I 93824992251401 64
0 0 -  I 93824992251414 64
0 0 9 S 93824992410640 4
0 0 -  I 93824992251369 64
0 0 3 L 140737488337976 8
0 0 0 L 93824992396508 4
0 0 0 L 140737488338224 8
0 0 2 L 93824992405812 4
0 0 -  I 93824992251393 64
0 0 3 L 93824992405812 4
0 0 4 S 93824992405812 4
0 0 -  I 93824992251401 64
0 0 -  I 93824992251414 64
0 0 9 S 93824992410644 4
0 0 -  I 93824992251369 64
0 0 3 L 140737488337976 8
0 0 0 L 93824992396512 4
0 0 0 L 140737488338224 8
0 0 2 L 93824992405816 4
0 0 -  I 93824992251393 64
0 0 3 L 93824992405816 4
0 0 4 S 93824992405816 4
0 0 -  I 93824992251401 64
0 0 -  I 93824992251414 64
0 0 9 S 93824992410648 4
0 0 -  I 93824992251369 64
0 0 3 L 140737488337976 8
0 0 0 L 93824992396516 4
0 0 0 L 140737488338224 8
0 0 2 L 93824992405824 4
0 0 -  I 93824992251393 64
0 0 3 L 93824992405824 4
0 0 4 S 93824992405824 4
0 0 -  I 93824992251401 64
0 0 -  I 93824992251414 64
0 0 9 S 93824992410652 4
0 0 -  I 93824992251369 64
0 0 3 L 140737488337976 8
0 0 0 L 93824992396520 4
0 0 0 L 140737488338224 8
0 0 2 L 93824992405852 4
0 0 -  I 93824992251393 64
0 0 3 L 93824992405852 4
0 0 4 S 93824992405852 4
0 0 -  I 93824992251401 64
0 0 -  I 93824992251414 64
0 0 9 S 93824992410656 4
0 0 -  I 93824992251369 64
0 0 3 L 140737488337976 8
0 0 0 L 93824992396524 4
0 0 0 L 140737488338224 8
0 0 2 L 93824992405856 4
0 0 -  I 93824992251393 64
0 0 3 L 93824992405856 4
0 0 4 S 93824992405856 4
0 0 -  I 93824992251401 64
0 0 -  I 93824992251414 64
0 0 9 S 93824992410660 4
0 0 -  I 93824992251369 64
0 0 3 L 140737488337976 8
0 0 0 L 93824992396528 4
0 0 0 L 140737488338224 8
0 0 2 L 93824992405860 4
0 0 -  I 93824992251393 64
0 0 3 L 93824992405860 4
0 0 4 S 93824992405860 4
0 0 -  I 93824992251401 64
0 0 -  I 93824992251414 64
0 0 9 S 93824992410664 4
0 0 -  I 93824992251442 64
0 0 -  I 93824992251369 64
0 0 0 L 140737488337976 8
0 0 0 L 93824992397728 4
0 0 0 L 140737488338224 8
0 0 2 L 93824992405944 4
0 0 -  I 93824992251360 64
0 0 -  I 93824992251369 64
0 0 3 L 140737488337976 8
0 0 0 L 93824992397732 4
0 0 0 L 140737488338224 8
0 0 2 L 93824992405948 4
0 0 -  I 93824992251360 64
0 0 -  I 93824992251369 64
0 0 3 L 140737488337976 8
0 0 0 L 93824992397736 4
0 0 0 L 140737488338224 8
0 0 2 L 93824992406052 4
0 0 -  I 93824992251360 64
0 0 -  I 93824992251369 64
0 0 3 L 140737488337976 8
0 0 0 L 93824992397740 4
0 0 0 L 140737488338224 8
0 0 2 L 93824992406060 4
0 0 -  I 93824992251360 64
0 0 -  I 93824992251442 64
0 0 -  I 93824992251369 64
0 0 0 L 140737488337976 8
0 0 0 L 93824992396504 4
0 0 0 L 140737488338224 8
0 0 2 L 93824992405808 4
0 0 -  I 93824992251393 64
0 0 3 L 93824992405808 4
0 0 4 S 93824992405808 4
0 0 -  I 93824992251401 64
0 0 -  I 93824992251414 64
0 0 9 S 93824992410640 4
0 0 -  I 93824992251369 64
0 0 3 L 140737488337976 8
0 0 0 L 93824992396508 4
0 0 0 L 140737488338224 8
0 0 2 L 93824992405812 4
0 0 -  I 93824992251393 64
0 0 3 L 93824992405812 4
0 0 4 S 93824992405812 4
0 0 -  I 93824992251401 64
0 0 -  I 93824992251414 64
0 0 9 S 93824992410644 4
0 0 -  I 93824992251369 64
0 0 3 L 140737488337976 8
0 0 0 L 93824992396512 4
0 0 0 L 140737488338224 8
0 0 2 L 93824992405816 4
0 0 -  I 93824992251393 64
0 0 3 L 93824992405816 4
0 0 4 S 93824992405816 4
0 0 -  I 93824992251401 64
0 0 -  I 93824992251414 64
0 0 9 S 93824992410648 4
0 0 -  I 93824992251369 64
0 0 3 L 140737488337976 8
0 0 0 L 93824992396516 4
0 0 0 L 140737488338224 8
0 0 2 L 93824992405824 4
0 0 -  I 93824992251393 64
0 0 3 L 93824992405824 4
0 0 4 S 93824992405824 4
0 0 -  I 93824992251401 64
0 0 -  I 93824992251414 64
0 0 9 S 93824992410652 4
0 0 -  I 93824992251369 64
0 0 3 L 140737488337976 8
0 0 0 L 93824992396520 4
0 0 0 L 140737488338224 8
0 0 2 L 93824992405852 4
0 0 -  I 93824992251393 64
0 0 3 L 93824992405852 4
0 0 4 S 93824992405852 4
0 0 -  I 93824992251401 64
0 0 -  I 93824992251414 64
0 0 9 S 93824992410656 4
0 0 -  I 93824992251369 64
0 0 3 L 140737488337976 8
0 0 0 L 93824992396524 4
0 0 0 L 140737488338224 8
0 0 2 L 93824992405856 4
0 0 -  I 93824992251393 64
0 0 3 L 93824992405856 4
0 0 4 S 93824992405856 4
0 0 -  I 93824992251401 64
0 0 -  I 93824992251414 64
0 0 9 S 93824992410660 4
0 0 -  I 93824992251369 64
0 0 3 L 140737488337976 8
0 0 0 L 93824992396528 4
0 0 0 L 140737488338224 8
0 0 2 L 93824992405860 4
0 0 -  I 93824992251393 64
0 0 3 L 93824992405860 4
0 0 4 S 93824992405860 4
0 0 -  I 93824992251401 64
0 0 -  I 93824992251414 64
0 0 9 S 93824992410664 4
0 0 -  I 93824992251442 64
0 0 -  I 93824992251369 64
0 0 0 L 140737488337976 8
0 0 0 L 93824992397728 4
0 0 0 L 140737488338224 8
0 0 2 L 93824992405944 4
0 0 -  I 93824992251360 64
0 0 -  I 93824992251369 64
0 0 3 L 140737488337976 8
0 0 0 L 93824992397732 4
0 0 0 L 140737488338224 8
0 0 2 L 93824992405948 4
0 0 -  I 93824992251360 64
0 0 -  I 93824992251369 64
0 0 3 L 140737488337976 8
0 0 0 L 93824992397736 4
0 0 0 L 140737488338224 8
0 0 2 L 93824992406052 4
0 0 -  I 93824992251360 64
0 0 -  I 93824992251369 64
0 0 3 L 140737488337976 8
0 0 0 L 93824992397740 4
0 0 0 L 140737488338224 8
0 0 2 L 93824992406060 4
0 0 -  I 93824992251360 64
0 0 -  I 93824992251442 64
0 0 -  I 93824992251369 64
0 0 0 L 140737488337976 8
0 0 0 L 93824992396760 4
0 0 0 L 140737488338224 8
0 0 2 L 93824992405860 4
0 0 -  I 93824992251393 64
0 0 3 L 93824992405860 4
0 0 4 S 93824992405860 4
0 0 -  I 93824992251401 64
0 0 -  I 93824992251414 64
0 0 9 S 93824992410640 4
0 0 -  I 93824992251369 64
0 0 3 L 140737488337976 8
0 0 0 L 93824992396764 4
0 0 0 L 140737488338224 8
0 0 2 L 93824992405868 4
0 0 -  I 93824992251393 64
0 0 3 L 93824992405868 4
0 0 4 S 93824992405868 4
0 0 -  I 93824992251401 64
0 0 -  I 93824992251414 64
0 0 9 S 93824992410644 4
0 0 -  I 93824992251369 64
0 0 3 L 140737488337976 8
0 0 0 L 93824992396768 4
0 0 0 L 140737488338224 8
0 0 2 L 93824992405876 4
0 0 -  I 93824992251393 64
0 0 3 L 93824992405876 4
0 0 4 S 93824992405876 4
0 0 -  I 93824992251401 64
0 0 -  I 93824992251414 64
0 0 9 S 93824992410648 4
0 0 -  I 93824992251369 64
0 0 3 L 140737488337976 8
0 0 0 L 93824992396772 4
0 0 0 L 140737488338224 8
0 0 2 L 93824992405984 4
0 0 -  I 93824992251393 64
0 0 3 L 93824992405984 4
0 0 4 S 93824992405984 4
0 0 -  I 93824992251401 64
0 0 -  I 93824992251414 64
0 0 9 S 93824992410652 4
0 0 -  I 93824992251369 64
0 0 3 L 140737488337976 8
0 0 0 L 93824992396776 4
0 0 0 L 140737488338224 8
0 0 2 L 93824992405988 4
0 0 -  I 93824992251393 64
0 0 3 L 93824992405988 4
0 0 4 S 93824992405988 4
0 0 -  I 93824992251401 64
0 0 -  I 93824992251414 64
0 0 9 S 93824992410656 4
0 0 -  I 93824992251442 64
0 0 -  I 93824992251369 64
0 0 0 L 140737488337976 8
0 0 0 L 93824992396728 4
0 0 0 L 140737488338224 8
0 0 2 L 93824992405820 4
0 0 -  I 93824992251393 64
0 0 3 L 93824992405820 4
0 0 4 S 93824992405820 4
0 0 -  I 93824992251401 64
0 0 -  I 93824992251414 64
0 0 9 S 93824992410640 4
0 0 -  I 93824992251369 64
0 0 3 L 140737488337976 8
0 0 0 L 93824992396732 4
0 0 0 L 140737488338224 8
0 0 2 L 93824992405824 4
0 0 -  I 93824992251393 64
0 0 3 L 93824992405824 4
0 0 4 S 93824992405824 4
0 0 -  I 93824992251401 64
0 0 -  I 93824992251414 64
0 0 9 S 93824992410644 4
0 0 -  I 93824992251369 64
0 0 3 L 140737488337976 8
0 0 0 L 93824992396736 4
0 0 0 L 140737488338224 8
0 0 2 L 93824992405828 4
0 0 -  I 93824992251393 64
0 0 3 L 93824992405828 4
0 0 4 S 93824992405828 4
0 0 -  I 93824992251401 64
0 0 -  I 93824992251414 64
0 0 9 S 93824992410648 4
0 0 -  I 93824992251369 64
0 0 3 L 140737488337976 8
0 0 0 L 93824992396740 4
0 0 0 L 140737488338224 8
0 0 2 L 93824992405856 4
0 0 -  I 93824992251393 64
0 0 3 L 93824992405856 4
0 0 4 S 93824992405856 4
0 0 -  I 93824992251401 64
0 0 -  I 93824992251414 64
0 0 9 S 93824992410652 4
0 0 -  I 93824992251369 64
0 0 3 L 140737488337976 8
0 0 0 L 93824992396744 4
0 0 0 L 140737488338224 8
0 0 2 L 93824992405864 4
0 0 -  I 93824992251360 64
0 0 -  I 93824992251369 64
0 0 3 L 140737488337976 8
0 0 0 L 93824992396748 4
0 0 0 L 140737488338224 8
0 0 2 L 93824992405868 4
0 0 -  I 93824992251360 64
0 0 -  I 93824992251369 64
0 0 3 L 140737488337976 8
0 0 0 L 93824992396752 4
0 0 0 L 140737488338224 8
0 0 2 L 93824992405980 4
0 0 -  I 93824992251360 64
0 0 -  I 93824992251369 64
0 0 3 L 140737488337976 8
0 0 0 L 93824992396756 4
0 0 0 L 140737488338224 8
0 0 2 L 93824992405984 4
0 0 -  I 93824992251360 64
0 0 -  I 93824992251442 64
0 0 -  I 93824992251369 64
0 0 0 L 140737488337976 8
0 0 0 L 93824992396780 4
0 0 0 L 140737488338224 8
0 0 2 L 93824992405828 4
0 0 -  I 93824992251360 64
0 0 -  I 93824992251369 64
0 0 3 L 140737488337976 8
0 0 0 L 93824992396784 4
0 0 0 L 140737488338224 8
0 0 2 L 93824992405860 4
0 0 -  I 93824992251360 64
0 0 -  I 93824992251369 64
0 0 3 L 140737488337976 8
0 0 0 L 93824992396788 4
0 0 0 L 140737488338224 8
0 0 2 L 93824992405864 4
0 0 -  I 93824992251360 64
0 0 -  I 93824992251369 64
0 0 3 L 140737488337976 8
0 0 0 L 93824992396792 4
0 0 0 L 140737488338224 8
0 0 2 L 93824992405872 4
0 0 -  I 93824992251393 64
0 0 3 L 93824992405872 4
0 0 4 S 93824992405872 4
0 0 -  I 93824992251401 64
0 0 -  I 93824992251414 64
0 0 9 S 93824992410656 4
0 0 -  I 93824992251369 64
0 0 3 L 140737488337976 8
0 0 0 L 93824992396796 4
0 0 0 L 140737488338224 8
0 0 2 L 93824992405876 4
0 0 -  I 93824992251360 64
0 0 -  I 93824992251442 64
0 0 -  I 93824992251369 64
0 0 0 L 140737488337976 8
0 0 0 L 93824992396820 4
0 0 0 L 140737488338224 8
0 0 2 L 93824992405864 4
0 0 -  I 93824992251360 64
0 0 -  I 93824992251369 64
0 0 3 L 140737488337976 8
0 0 0 L 93824992396824 4
0 0 0 L 140737488338224 8
0 0 2 L 93824992405868 4
0 0 -  I 93824992251360 64
0 0 -  I 93824992251369 64
0 0 3 L 140737488337976 8
0 0 0 L 93824992396828 4
0 0 0 L 140737488338224 8
0 0 2 L 93824992405872 4
0 0 -  I 93824992251360 64
0 0 -  I 93824992251369 64
0 0 3 L 140737488337976 8
0 0 0 L 93824992396832 4
0 0 0 L 140737488338224 8
0 0 2 L 93824992405880 4
0 0 -  I 93824992251393 64
0 0 3 L 93824992405880 4
0 0 4 S 93824992405880 4
0 0 -  I 93824992251401 64
0 0 -  I 93824992251414 64
0 0 9 S 93824992410660 4
0 0 -  I 93824992251369 64
0 0 3 L 140737488337976 8
0 0 0 L 93824992396836 4
0 0 0 L 140737488338224 8
0 0 2 L 93824992405988 4
0 0 -  I 93824992251360 64
0 0 -  I 93824992251369 64
0 0 3 L 140737488337976 8
0 0 0 L 93824992396840 4
0 0 0 L 140737488338224 8
0 0 2 L 93824992405992 4
0 0 -  I 93824992251360 64
0 0 -  I 93824992251369 64
0 0 3 L 140737488337976 8
0 0 0 L 93824992396844 4
0 0 0 L 140737488338224 8
0 0 2 L 93824992406000 4
0 0 -  I 93824992251393 64
0 0 3 L 93824992406000 4
0 0 4 S 93824992406000 4
0 0 -  I 93824992251401 64
0 0 -  I 93824992251414 64
0 0 9 S 93824992410664 4
0 0 -  I 93824992251442 64
0 0 -  I 93824992251369 64
0 0 0 L 140737488337976 8
0 0 0 L 93824992397172 4
0 0 0 L 140737488338224 8
0 0 2 L 93824992405900 4
0 0 -  I 93824992251360 64
0 0 -  I 93824992251369 64
0 0 3 L 140737488337976 8
0 0 0 L 93824992397176 4
0 0 0 L 140737488338224 8
0 0 2 L 93824992405940 4
0 0 -  I 93824992251360 64
0 0 -  I 93824992251369 64
0 0 3 L 140737488337976 8
0 0 0 L 93824992397180 4
0 0 0 L 140737488338224 8
0 0 2 L 93824992405944 4
0 0 -  I 93824992251393 64
0 0 3 L 93824992405944 4
0 0 4 S 93824992405944 4
0 0 -  I 93824992251401 64
0 0 -  I 93824992251414 64
0 0 9 S 93824992410640 4
0 0 -  I 93824992251369 64
0 0 3 L 140737488337976 8
0 0 0 L 93824992397184 4
0 0 0 L 140737488338224 8
0 0 2 L 93824992406064 4
0 0 -  I 93824992251393 64
0 0 3 L 93824992406064 4
0 0 4 S 93824992406064 4
0 0 -  I 93824992251401 64
0 0 -  I 93824992251414 64
0 0 9 S 93824992410644 4
0 0 -  I 93824992251442 64
0 0 -  I 93824992251369 64
0 0 0 L 140737488337976 8
0 0 0 L 93824992397188 4
0 0 0 L 140737488338224 8
0 0 2 L 93824992405900 4
0 0 -  I 93824992251360 64
0 0 -  I 93824992251369 64
0 0 3 L 140737488337976 8
0 0 0 L 93824992397192 4
0 0 0 L 140737488338224 8
0 0 2 L 93824992405932 4
0 0 -  I 93824992251360 64
0 0 -  I 93824992251369 64
0 0 3 L 140737488337976 8
0 0 0 L 93824992397196 4
0 0 0 L 140737488338224 8
0 0 2 L 93824992405936 4
0 0 -  I 93824992251360 64
0 0 -  I 93824992251369 64
0 0 3 L 140737488337976 8
0 0 0 L 93824992397200 4
0 0 0 L 140737488338224 8
0 0 2 L 93824992405944 4
0 0 -  I 93824992251360 64
0 0 -  I 93824992251369 64
0 0 3 L 140737488337976 8
0 0 0 L 93824992397204 4
0 0 0 L 140737488338224 8
0 0 2 L 93824992405948 4
0 0 -  I 93824992251360 64
0 0 -  I 93824992251369 64
0 0 3 L 140737488337976 8
0 0 0 L 93824992397208 4
0 0 0 L 140737488338224 8
0 0 2 L 93824992406048 4
0 0 -  I 93824992251360 64
0 0 -  I 93824992251442 64
0 0 -  I 93824992251369 64
0 0 0 L 140737488337976 8
0 0 0 L 93824992397212 4
0 0 0 L 140737488338224 8
0 0 2 L 93824992405936 4
0 0 -  I 93824992251360 64
0 0 -  I 93824992251369 64
0 0 3 L 140737488337976 8
0 0 0 L 93824992397216 4
0 0 0 L 140737488338224 8
0 0 2 L 93824992405940 4
0 0 -  I 93824992251360 64
0 0 -  I 93824992251369 64
0 0 3 L 140737488337976 8
0 0 0 L 93824992397220 4
0 0 0 L 140737488338224 8
0 0 2 L 93824992405948 4
0 0 -  I 93824992251360 64
0 0 -  I 93824992251369 64
0 0 3 L 140737488337976 8
0 0 0 L 93824992397224 4
0 0 0 L 140737488338224 8
0 0 2 L 93824992406056 4
0 0 -  I 93824992251393 64
0 0 3 L 93824992406056 4
0 0 4 S 93824992406056 4
0 0 -  I 93824992251360 64
0 0 -  I 93824992251369 64
0 0 4 L 140737488337976 8
0 0 0 L 93824992397228 4
0 0 0 L 140737488338224 8
0 0 2 L 93824992406060 4
0 0 -  I 93824992251393 64
0 0 3 L 93824992406060 4
0 0 4 S 93824992406060 4
0 0 -  I 93824992251401 64
0 0 -  I 93824992251414 64
0 0 9 S 93824992410640 4
0 0 -  I 93824992251369 64
0 0 3 L 140737488337976 8
0 0 0 L 93824992397232 4
0 0 0 L 140737488338224 8
0 0 2 L 93824992406064 4
0 0 -  I 93824992251360 64
0 0 -  I 93824992251442 64
0 0 -  I 93824992251369 64
0 0 0 L 140737488337976 8
0 0 0 L 93824992397756 4
0 0 0 L 140737488338224 8
0 0 2 L 93824992405936 4
0 0 -  I 93824992251360 64
0 0 -  I 93824992251369 64
0 0 3 L 140737488337976 8
0 0 0 L 93824992397760 4
0 0 0 L 140737488338224 8
0 0 2 L 93824992405944 4
0 0 -  I 93824992251360 64
0 0 -  I 93824992251369 64
0 0 3 L 140737488337976 8
0 0 0 L 93824992397764 4
0 0 0 L 140737488338224 8
0 0 2 L 93824992406060 4
0 0 -  I 93824992251360 64
0 0 -  I 93824992251442 64
0 0 -  I 93824992251369 64
0 0 0 L 140737488337976 8
0 0 0 L 93824992397744 4
0 0 0 L 140737488338224 8
0 0 2 L 93824992405944 4
0 0 -  I 93824992251360 64
0 0 -  I 93824992251369 64
0 0 3 L 140737488337976 8
0 0 0 L 93824992397748 4
0 0 0 L 140737488338224 8
0 0 2 L 93824992406056 4
0 0 -  I 93824992251360 64
0 0 -  I 93824992251369 64
0 0 3 L 140737488337976 8
0 0 0 L 93824992397752 4
0 0 0 L 140737488338224 8
0 0 2 L 93824992406064 4
0 0 -  I 93824992251360 64
0 0 -  I 93824992251442 64
0 0 -  I 93824992251369 64
0 0 0 L 140737488337976 8
0 0 0 L 93824992397656 4
0 0 0 L 140737488338224 8
0 0 2 L 93824992405960 4
0 0 -  I 93824992251393 64
0 0 3 L 93824992405960 4
0 0 4 S 93824992405960 4
0 0 -  I 93824992251401 64
0 0 -  I 93824992251414 64
0 0 9 S 93824992410640 4
0 0 -  I 93824992251369 64
0 0 3 L 140737488337976 8
0 0 0 L 93824992397660 4
0 0 0 L 140737488338224 8
0 0 2 L 93824992405968 4
0 0 -  I 93824992251393 64
0 0 3 L 93824992405968 4
0 0 4 S 93824992405968 4
0 0 -  I 93824992251401 64
0 0 -  I 93824992251414 64
0 0 9 S 93824992410644 4
0 0 -  I 93824992251369 64
0 0 3 L 140737488337976 8
0 0 0 L 93824992397664 4
0 0 0 L 140737488338224 8
0 0 2 L 93824992406036 4
0 0 -  I 93824992251393 64
0 0 3 L 93824992406036 4
0 0 4 S 93824992406036 4
0 0 -  I 93824992251401 64
0 0 -  I 93824992251414 64
0 0 9 S 93824992410648 4
0 0 -  I 93824992251369 64
0 0 3 L 140737488337976 8
0 0 0 L 93824992397668 4
0 0 0 L 140737488338224 8
0 0 2 L 93824992406044 4
0 0 -  I 93824992251393 64
0 0 3 L 93824992406044 4
0 0 4 S 93824992406044 4
0 0 -  I 93824992251401 64
0 0 -  I 93824992251414 64
0 0 9 S 93824992410652 4
0 0 -  I 93824992251442 64
0 0 -  I 93824992251369 64
0 0 0 L 140737488337976 8
0 0 0 L 93824992397304 4
0 0 0 L 140737488338224 8
0 0 2 L 93824992405916 4
0 0 -  I 93824992251393 64
0 0 3 L 93824992405916 4
0 0 4 S 93824992405916 4
0 0 -  I 93824992251401 64
0 0 -  I 93824992251414 64
0 0 9 S 93824992410640 4
0 0 -  I 93824992251369 64
0 0 3 L 140737488337976 8
0 0 0 L 93824992397308 4
0 0 0 L 140737488338224 8
0 0 2 L 93824992405920 4
0 0 -  I 93824992251393 64
0 0 3 L 93824992405920 4
0 0 4 S 93824992405920 4
0 0 -  I 93824992251401 64
0 0 -  I 93824992251414 64
0 0 9 S 93824992410644 4
0 0 -  I 93824992251369 64
0 0 3 L 140737488337976 8
0 0 0 L 93824992397312 4
0 0 0 L 140737488338224 8
0 0 2 L 93824992405956 4
0 0 -  I 93824992251393 64
0 0 3 L 93824992405956 4
0 0 4 S 93824992405956 4
0 0 -  I 93824992251401 64
0 0 -  I 93824992251414 64
0 0 9 S 93824992410648 4
0 0 -  I 93824992251369 64
0 0 3 L 140737488337976 8
0 0 0 L 93824992397316 4
0 0 0 L 140737488338224 8
0 0 2 L 93824992405964 4
0 0 -  I 93824992251393 64
0 0 3 L 93824992405964 4
0 0 4 S 93824992405964 4
0 0 -  I 93824992251401 64
0 0 -  I 93824992251414 64
0 0 9 S 93824992410652 4
0 0 -  I 93824992251369 64
0 0 3 L 140737488337976 8
0 0 0 L 93824992397320 4
0 0 0 L 140737488338224 8
0 0 2 L 93824992405968 4
0 0 -  I 93824992251360 64
0 0 -  I 93824992251369 64
0 0 3 L 140737488337976 8
0 0 0 L 93824992397324 4
0 0 0 L 140737488338224 8
0 0 2 L 93824992406040 4
0 0 -  I 93824992251360 64
0 0 -  I 93824992251369 64
0 0 3 L 140737488337976 8
0 0 0 L 93824992397328 4
0 0 0 L 140737488338224 8
0 0 2 L 93824992406044 4
0 0 -  I 93824992251360 64
0 0 -  I 93824992251442 64
0 0 -  I 93824992251369 64
0 0 0 L 140737488337976 8
0 0 0 L 93824992397348 4
0 0 0 L 140737488338224 8
0 0 2 L 93824992405928 4
0 0 -  I 93824992251393 64
0 0 3 L 93824992405928 4
0 0 4 S 93824992405928 4
0 0 -  I 93824992251401 64
0 0 -  I 93824992251414 64
0 0 9 S 93824992410656 4
0 0 -  I 93824992251369 64
0 0 3 L 140737488337976 8
0 0 0 L 93824992397352 4
0 0 0 L 140737488338224 8
0 0 2 L 93824992405960 4
0 0 -  I 93824992251360 64
0 0 -  I 93824992251369 64
0 0 3 L 140737488337976 8
0 0 0 L 93824992397356 4
0 0 0 L 140737488338224 8
0 0 2 L 93824992405964 4
0 0 -  I 93824992251360 64
0 0 -  I 93824992251369 64
0 0 3 L 140737488337976 8
0 0 0 L 93824992397360 4
0 0 0 L 140737488338224 8
0 0 2 L 93824992405972 4
0 0 -  I 93824992251360 64
0 0 -  I 93824992251369 64
0 0 3 L 140737488337976 8
0 0 0 L 93824992397364 4
0 0 0 L 140737488338224 8
0 0 2 L 93824992406016 4
0 0 -  I 93824992251393 64
0 0 3 L 93824992406016 4
0 0 4 S 93824992406016 4
0 0 -  I 93824992251401 64
0 0 -  I 93824992251414 64
0 0 9 S 93824992410660 4
0 0 -  I 93824992251369 64
0 0 3 L 140737488337976 8
0 0 0 L 93824992397368 4
0 0 0 L 140737488338224 8
0 0 2 L 93824992406028 4
0 0 -  I 93824992251360 64
0 0 -  I 93824992251369 64
0 0 3 L 140737488337976 8
0 0 0 L 93824992397372 4
0 0 0 L 140737488338224 8
0 0 2 L 93824992406036 4
0 0 -  I 93824992251360 64
0 0 -  I 93824992251369 64
0 0 3 L 140737488337976 8
0 0 0 L 93824992397376 4
0 0 0 L 140737488338224 8
0 0 2 L 93824992406040 4
0 0 -  I 93824992251360 64
0 0 -  I 93824992251442 64
0 0 -  I 93824992251369 64
0 0 0 L 140737488337976 8
0 0 0 L 93824992396692 4
0 0 0 L 140737488338224 8
0 0 2 L 93824992405816 4
0 0 -  I 93824992251360 64
0 0 -  I 93824992251369 64
0 0 3 L 140737488337976 8
0 0 0 L 93824992396696 4
0 0 0 L 140737488338224 8
0 0 2 L 93824992405820 4
0 0 -  I 93824992251360 64
0 0 -  I 93824992251369 64
0 0 3 L 140737488337976 8
0 0 0 L 93824992396700 4
0 0 0 L 140737488338224 8
0 0 2 L 93824992405856 4
0 0 -  I 93824992251360 64
0 0 -  I 93824992251369 64
0 0 3 L 140737488337976 8
0 0 0 L 93824992396704 4
0 0 0 L 140737488338224 8
0 0 2 L 93824992405980 4
0 0 -  I 93824992251360 64
0 0 -  I 93824992251442 64
0 0 -  I 93824992251369 64
0 0 0 L 140737488337976 8
0 0 0 L 93824992396708 4
0 0 0 L 140737488338224 8
0 0 2 L 93824992405820 4
0 0 -  I 93824992251360 64
0 0 -  I 93824992251369 64
0 0 3 L 140737488337976 8
0 0 0 L 93824992396712 4
0 0 0 L 140737488338224 8
0 0 2 L 93824992405852 4
0 0 -  I 93824992251360 64
0 0 -  I 93824992251369 64
0 0 3 L 140737488337976 8
0 0 0 L 93824992396716 4
0 0 0 L 140737488338224 8
0 0 2 L 93824992405860 4
0 0 -  I 93824992251360 64
0 0 -  I 93824992251369 64
0 0 3 L 140737488337976 8
0 0 0 L 93824992396720 4
0 0 0 L 140737488338224 8
0 0 2 L 93824992405976 4
0 0 -  I 93824992251393 64
0 0 3 L 93824992405976 4
0 0 4 S 93824992405976 4
0 0 -  I 93824992251401 64
0 0 -  I 93824992251414 64
0 0 9 S 93824992410640 4
0 0 -  I 93824992251369 64
0 0 3 L 140737488337976 8
0 0 0 L 93824992396724 4
0 0 0 L 140737488338224 8
0 0 2 L 93824992405980 4
0 0 -  I 93824992251360 64
0 0 -  I 93824992251442 64
0 0 -  I 93824992251369 64
0 0 0 L 140737488337976 8
0 0 0 L 93824992397400 4
0 0 0 L 140737488338224 8
0 0 2 L 93824992405856 4
0 0 -  I 93824992251360 64
0 0 -  I 93824992251369 64
0 0 3 L 140737488337976 8
0 0 0 L 93824992397404 4
0 0 0 L 140737488338224 8
0 0 2 L 93824992405980 4
0 0 -  I 93824992251360 64
0 0 -  I 93824992251442 64
0 0 -  I 93824992251369 64
0 0 0 L 140737488337976 8
0 0 0 L 93824992396436 4
0 0 0 L 140737488338224 8
0 0 2 L 93824992405768 4
0 0 -  I 93824992251393 64
0 0 3 L 93824992405768 4
0 0 4 S 93824992405768 4
0 0 -  I 93824992251401 64
0 0 -  I 93824992251414 64
0 0 9 S 93824992410640 4
0 0 -  I 93824992251369 64
0 0 3 L 140737488337976 8
0 0 0 L 93824992396440 4
0 0 0 L 140737488338224 8
0 0 2 L 93824992405804 4
0 0 -  I 93824992251393 64
0 0 3 L 93824992405804 4
0 0 4 S 93824992405804 4
0 0 -  I 93824992251401 64
0 0 -  I 93824992251414 64
0 0 9 S 93824992410644 4
0 0 -  I 93824992251369 64
0 0 3 L 140737488337976 8
0 0 0 L 93824992396444 4
0 0 0 L 140737488338224 8
0 0 2 L 93824992405812 4
0 0 -  I 93824992251393 64
0 0 3 L 93824992405812 4
0 0 4 S 93824992405812 4
0 0 -  I 93824992251401 64
0 0 -  I 93824992251414 64
0 0 9 S 93824992410648 4
0 0 -  I 93824992251369 64
0 0 3 L 140737488337976 8
0 0 0 L 93824992396448 4
0 0 0 L 140737488338224 8
0 0 2 L 93824992405820 4
0 0 -  I 93824992251393 64
0 0 3 L 93824992405820 4
0 0 4 S 93824992405820 4
0 0 -  I 93824992251401 64
0 0 -  I 93824992251414 64
0 0 9 S 93824992410652 4
0 0 -  I 93824992251369 64
0 0 3 L 140737488337976 8
0 0 0 L 93824992396452 4
0 0 0 L 140737488338224 8
0 0 2 L 93824992405824 4
0 0 -  I 93824992251393 64
0 0 3 L 93824992405824 4
0 0 4 S 93824992405824 4
0 0 -  I 93824992251401 64
0 0 -  I 93824992251414 64
0 0 9 S 93824992410656 4
0 0 -  I 93824992251369 64
0 0 3 L 140737488337976 8
0 0 0 L 93824992396456 4
0 0 0 L 140737488338224 8
0 0 2 L 93824992405828 4
0 0 -  I 93824992251393 64
0 0 3 L 93824992405828 4
0 0 4 S 93824992405828 4
0 0 -  I 93824992251401 64
0 0 -  I 93824992251414 64
0 0 9 S 93824992410660 4
0 0 -  I 93824992251369 64
0 0 3 L 140737488337976 8
0 0 0 L 93824992396460 4
0 0 0 L 140737488338224 8
0 0 2 L 93824992405832 4
0 0 -  I 93824992251393 64
0 0 3 L 93824992405832 4
0 0 4 S 93824992405832 4
0 0 -  I 93824992251401 64
0 0 -  I 93824992251414 64
0 0 9 S 93824992410664 4
0 0 -  I 93824992251442 64
0 0 -  I 93824992251369 64
0 0 0 L 140737488337976 8
0 0 0 L 93824992397728 4
0 0 0 L 140737488338224 8
0 0 2 L 93824992405944 4
0 0 -  I 93824992251360 64
0 0 -  I 93824992251369 64
0 0 3 L 140737488337976 8
0 0 0 L 93824992397732 4
0 0 0 L 140737488338224 8
0 0 2 L 93824992405948 4
0 0 -  I 93824992251360 64
0 0 -  I 93824992251369 64
0 0 3 L 140737488337976 8
0 0 0 L 93824992397736 4
0 0 0 L 140737488338224 8
0 0 2 L 93824992406052 4
0 0 -  I 93824992251360 64
0 0 -  I 93824992251369 64
0 0 3 L 140737488337976 8
0 0 0 L 93824992397740 4
0 0 0 L 140737488338224 8
0 0 2 L 93824992406060 4
0 0 -  I 93824992251360 64
0 0 -  I 93824992251442 64
0 0 -  I 93824992251369 64
0 0 0 L 140737488337976 8
0 0 0 L 93824992396972 4
0 0 0 L 140737488338224 8
0 0 2 L 93824992405776 4
0 0 -  I 93824992251393 64
0 0 3 L 93824992405776 4
0 0 4 S 93824992405776 4
0 0 -  I 93824992251401 64
0 0 -  I 93824992251414 64
0 0 9 S 93824992410640 4
0 0 -  I 93824992251369 64
0 0 3 L 140737488337976 8
0 0 0 L 93824992396976 4
0 0 0 L 140737488338224 8
0 0 2 L 93824992405904 4
0 0 -  I 93824992251393 64
0 0 3 L 93824992405904 4
0 0 4 S 93824992405904 4
0 0 -  I 93824992251401 64
0 0 -  I 93824992251414 64
0 0 9 S 93824992410644 4
0 0 -  I 93824992251369 64
0 0 3 L 140737488337976 8
0 0 0 L 93824992396980 4
0 0 0 L 140737488338224 8
0 0 2 L 93824992405932 4
0 0 -  I 93824992251393 64
0 0 3 L 93824992405932 4
0 0 4 S 93824992405932 4
0 0 -  I 93824992251401 64
0 0 -  I 93824992251414 64
0 0 9 S 93824992410648 4
0 0 -  I 93824992251369 64
0 0 3 L 140737488337976 8
0 0 0 L 93824992396984 4
0 0 0 L 140737488338224 8
0 0 2 L 93824992405936 4
0 0 -  I 93824992251393 64
0 0 3 L 93824992405936 4
0 0 4 S 93824992405936 4
0 0 -  I 93824992251401 64
0 0 -  I 93824992251414 64
0 0 9 S 93824992410652 4
0 0 -  I 93824992251369 64
0 0 3 L 140737488337976 8
0 0 0 L 93824992396988 4
0 0 0 L 140737488338224 8
0 0 2 L 93824992405940 4
0 0 -  I 93824992251393 64
0 0 3 L 93824992405940 4
0 0 4 S 93824992405940 4
0 0 -  I 93824992251401 64
0 0 -  I 93824992251414 64
0 0 9 S 93824992410656 4
0 0 -  I 93824992251442 64
0 0 -  I 93824992251369 64
0 0 0 L 140737488337976 8
0 0 0 L 93824992396260 4
0 0 0 L 140737488338224 8
0 0 2 L 93824992405748 4
0 0 -  I 93824992251393 64
0 0 3 L 93824992405748 4
0 0 4 S 93824992405748 4
0 0 -  I 93824992251401 64
0 0 -  I 93824992251414 64
0 0 9 S 93824992410640 4
0 0 -  I 93824992251369 64
0 0 3 L 140737488337976 8
0 0 0 L 93824992396264 4
0 0 0 L 140737488338224 8
0 0 2 L 93824992405900 4
0 0 -  I 93824992251360 64
0 0 -  I 93824992251369 64
0 0 3 L 140737488337976 8
0 0 0 L 93824992396268 4
0 0 0 L 140737488338224 8
0 0 2 L 93824992405904 4
0 0 -  I 93824992251360 64
0 0 -  I 93824992251442 64
0 0 -  I 93824992251369 64
0 0 0 L 140737488337976 8
0 0 0 L 93824992396992 4
0 0 0 L 140737488338224 8
0 0 2 L 93824992405748 4
0 0 -  I 93824992251360 64
0 0 -  I 93824992251369 64
0 0 3 L 140737488337976 8
0 0 0 L 93824992396996 4
0 0 0 L 140737488338224 8
0 0 2 L 93824992405776 4
0 0 -  I 93824992251360 64
0 0 -  I 93824992251369 64
0 0 3 L 140737488337976 8
0 0 0 L 93824992397000 4
0 0 0 L 140737488338224 8
0 0 2 L 93824992405780 4
0 0 -  I 93824992251393 64
0 0 3 L 93824992405780 4
0 0 4 S 93824992405780 4
0 0 -  I 93824992251401 64
0 0 -  I 93824992251414 64
0 0 9 S 93824992410644 4
0 0 -  I 93824992251369 64
0 0 3 L 140737488337976 8
0 0 0 L 93824992397004 4
0 0 0 L 140737488338224 8
0 0 2 L 93824992405900 4
0 0 -  I 93824992251360 64
0 0 -  I 93824992251369 64
0 0 3 L 140737488337976 8
0 0 0 L 93824992397008 4
0 0 0 L 140737488338224 8
0 0 2 L 93824992405908 4
0 0 -  I 93824992251393 64
0 0 3 L 93824992405908 4
0 0 4 S 93824992405908 4
0 0 -  I 93824992251401 64
0 0 -  I 93824992251414 64
0 0 9 S 93824992410648 4
0 0 -  I 93824992251369 64
0 0 3 L 140737488337976 8
0 0 0 L 93824992397012 4
0 0 0 L 140737488338224 8
0 0 2 L 93824992405932 4
0 0 -  I 93824992251360 64
0 0 -  I 93824992251369 64
0 0 3 L 140737488337976 8
0 0 0 L 93824992397016 4
0 0 0 L 140737488338224 8
0 0 2 L 93824992405952 4
0 0 -  I 93824992251393 64
0 0 3 L 93824992405952 4
0 0 4 S 93824992405952 4
0 0 -  I 93824992251401 64
0 0 -  I 93824992251414 64
0 0 9 S 93824992410652 4
0 0 -  I 93824992251442 64
0 0 -  I 93824992251369 64
0 0 0 L 140737488337976 8
0 0 0 L 93824992397152 4
0 0 0 L 140737488338224 8
0 0 2 L 93824992405900 4
0 0 -  I 93824992251360 64
0 0 -  I 93824992251369 64
0 0 3 L 140737488337976 8
0 0 0 L 93824992397156 4
0 0 0 L 140737488338224 8
0 0 2 L 93824992405904 4
0 0 -  I 93824992251360 64
0 0 -  I 93824992251369 64
0 0 3 L 140737488337976 8
0 0 0 L 93824992397160 4
0 0 0 L 140737488338224 8
0 0 2 L 93824992405940 4
0 0 -  I 93824992251360 64
0 0 -  I 93824992251369 64
0 0 3 L 140737488337976 8
0 0 0 L 93824992397164 4
0 0 0 L 140737488338224 8
0 0 2 L 93824992405952 4
0 0 -  I 93824992251360 64
0 0 -  I 93824992251369 64
0 0 3 L 140737488337976 8
0 0 0 L 93824992397168 4
0 0 0 L 140737488338224 8
0 0 2 L 93824992406048 4
0 0 -  I 93824992251360 64
0 0 -  I 93824992251442 64
0 0 -  I 93824992251369 64
0 0 0 L 140737488337976 8
0 0 0 L 93824992396708 4
0 0 0 L 140737488338224 8
0 0 2 L 93824992405820 4
0 0 -  I 93824992251360 64
0 0 -  I 93824992251369 64
0 0 3 L 140737488337976 8
0 0 0 L 93824992396712 4
0 0 0 L 140737488338224 8
0 0 2 L 93824992405852 4
0 0 -  I 93824992251360 64
0 0 -  I 93824992251369 64
0 0 3 L 140737488337976 8
0 0 0 L 93824992396716 4
0 0 0 L 140737488338224 8
0 0 2 L 93824992405860 4
0 0 -  I 93824992251360 64
0 0 -  I 93824992251369 64
0 0 3 L 140737488337976 8
0 0 0 L 93824992396720 4
0 0 0 L 140737488338224 8
0 0 2 L 93824992405976 4
0 0 -  I 93824992251393 64
0 0 3 L 93824992405976 4
0 0 4 S 93824992405976 4
0 0 -  I 93824992251401 64
0 0 -  I 93824992251414 64
0 0 9 S 140736884378400 4
0 0 -  I 93824992251369 64
0 0 3 L 140737488337976 8
0 0 0 L 93824992396724 4
0 0 0 L 140737488338224 8
0 0 2 L 93824992405980 4
0 0 -  I 93824992251360 64
0 0 -  I 93824992251442 64
0 0 -  I 93824992251369 64
0 0 0 L 140737488337976 8
0 0 0 L 93824992396728 4
0 0 0 L 140737488338224 8
0 0 2 L 93824992405820 4
0 0 -  I 93824992251360 64
0 0 -  I 93824992251369 64
0 0 3 L 140737488337976 8
0 0 0 L 93824992396732 4
0 0 0 L 140737488338224 8
0 0 2 L 93824992405824 4
0 0 -  I 93824992251360 64
0 0 -  I 93824992251369 64
0 0 3 L 140737488337976 8
0 0 0 L 93824992396736 4
0 0 0 L 140737488338224 8
0 0 2 L 93824992405828 4
0 0 -  I 93824992251360 64
0 0 -  I 93824992251369 64
0 0 3 L 140737488337976 8
0 0 0 L 93824992396740 4
0 0 0 L 140737488338224 8
0 0 2 L 93824992405856 4
0 0 -  I 93824992251360 64
0 0 -  I 93824992251369 64
0 0 3 L 140737488337976 8
0 0 0 L 93824992396744 4
0 0 0 L 140737488338224 8
0 0 2 L 93824992405864 4
0 0 -  I 93824992251360 64
0 0 -  I 93824992251369 64
0 0 3 L 140737488337976 8
0 0 0 L 93824992396748 4
0 0 0 L 140737488338224 8
0 0 2 L 93824992405868 4
0 0 -  I 93824992251360 64
0 0 -  I 93824992251369 64
0 0 3 L 140737488337976 8
0 0 0 L 93824992396752 4
0 0 0 L 140737488338224 8
0 0 2 L 93824992405980 4
0 0 -  I 93824992251360 64
0 0 -  I 93824992251369 64
0 0 3 L 140737488337976 8
0 0 0 L 93824992396756 4
0 0 0 L 140737488338224 8
0 0 2 L 93824992405984 4
0 0 -  I 93824992251360 64
0 0 -  I 93824992251442 64
4 0 -  I 93824992251369 64
4 0 0 L 140737488337976 8
4 0 0 L 93824992397400 4
4 0 0 L 140737488338224 8
4 0 2 L 93824992405856 4
4 0 -  I 93824992251360 64
4 0 -  I 93824992251369 64
4 0 3 L 140737488337976 8
4 0 0 L 93824992397404 4
4 0 0 L 140737488338224 8
4 0 2 L 93824992405980 4
4 0 -  I 93824992251360 64
4 0 -  I 93824992251442 64
4 0 -  I 93824992251369 64
4 0 0 L 140737488337976 8
4 0 0 L 93824992397556 4
4 0 0 L 140737488338224 8
4 0 2 L 93824992405924 4
4 0 -  I 93824992251393 64
4 0 3 L 93824992405924 4
4 0 4 S 93824992405924 4
4 0 -  I 93824992251401 64
4 0 -  I 93824992251414 64
4 0 9 S 93824992410640 4
4 0 -  I 93824992251369 64
4 0 3 L 140737488337976 8
4 0 0 L 93824992397560 4
4 0 0 L 140737488338224 8
4 0 2 L 93824992405928 4
4 0 -  I 93824992251393 64
4 0 3 L 93824992405928 4
4 0 4 S 93824992405928 4
4 0 -  I 93824992251401 64
4 0 -  I 93824992251414 64
4 0 9 S 93824992410644 4
4 0 -  I 93824992251369 64
4 0 3 L 140737488337976 8
4 0 0 L 93824992397564 4
4 0 0 L 140737488338224 8
4 0 2 L 93824992405968 4
4 0 -  I 93824992251393 64
4 0 3 L 93824992405968 4
4 0 4 S 93824992405968 4
4 0 -  I 93824992251401 64
4 0 -  I 93824992251414 64
4 0 9 S 93824992410648 4
4 0 -  I 93824992251369 64
4 0 3 L 140737488337976 8
4 0 0 L 93824992397568 4
4 0 0 L 140737488338224 8
4 0 2 L 93824992405972 4
4 0 -  I 93824992251393 64
4 0 3 L 93824992405972 4
4 0 4 S 93824992405972 4
4 0 -  I 93824992251401 64
4 0 -  I 93824992251414 64
4 0 9 S 93824992410652 4
4 0 -  I 93824992251369 64
4 0 3 L 140737488337976 8
4 0 0 L 93824992397572 4
4 0 0 L 140737488338224 8
4 0 2 L 93824992406012 4
4 0 -  I 93824992251393 64
4 0 3 L 93824992406012 4
4 0 4 S 93824992406012 4
4 0 -  I 93824992251401 64
4 0 -  I 93824992251414 64
4 0 9 S 93824992410656 4
4 0 -  I 93824992251369 64
4 0 3 L 140737488337976 8
4 0 0 L 93824992397576 4
4 0 0 L 140737488338224 8
4 0 2 L 93824992406020 4
4 0 -  I 93824992251393 64
4 0 3 L 93824992406020 4
4 0 4 S 93824992406020 4
4 0 -  I 93824992251401 64
4 0 -  I 93824992251414 64
4 0 9 S 93824992410660 4
4 0 -  I 93824992251442 64
4 0 -  I 93824992251369 64
4 0 0 L 140737488337976 8
4 0 0 L 93824992396084 4
4 0 0 L 140737488338224 8
4 0 2 L 93824992405740 4
4 0 -  I 93824992251360 64
4 0 -  I 93824992251369 64
4 0 3 L 140737488337976 8
4 0 0 L 93824992396088 4
4 0 0 L 140737488338224 8
4 0 2 L 93824992405772 4
4 0 -  I 93824992251360 64
4 0 -  I 93824992251369 64
4 0 3 L 140737488337976 8
4 0 0 L 93824992396092 4
4 0 0 L 140737488338224 8
4 0 2 L 93824992405816 4
4 0 -  I 93824992251360 64
4 0 -  I 93824992251442 64
4 0 -  I 93824992251369 64
4 0 0 L 140737488337976 8
4 0 0 L 93824992397408 4
4 0 0 L 140737488338224 8
4 0 2 L 93824992405852 4
4 0 -  I 93824992251360 64
4 0 -  I 93824992251369 64
4 0 3 L 140737488337976 8
4 0 0 L 93824992397412 4
4 0 0 L 140737488338224 8
4 0 2 L 93824992405856 4
4 0 -  I 93824992251360 64
4 0 -  I 93824992251369 64
4 0 3 L 140737488337976 8
4 0 0 L 93824992397416 4
4 0 0 L 140737488338224 8
4 0 2 L 93824992405860 4
4 0 -  I 93824992251360 64
4 0 -  I 93824992251369 64
4 0 3 L 140737488337976 8
4 0 0 L 93824992397420 4
4 0 0 L 140737488338224 8
4 0 2 L 93824992405976 4
4 0 -  I 93824992251393 64
4 0 3 L 93824992405976 4
4 0 4 S 93824992405976 4
4 0 -  I 93824992251401 64
4 0 -  I 93824992251414 64
4 0 9 S 140736884378400 4
4 0 -  I 93824992251369 64
4 0 3 L 140737488337976 8
4 0 0 L 93824992397424 4
4 0 0 L 140737488338224 8
4 0 2 L 93824992405984 4
4 0 -  I 93824992251360 64
4 0 -  I 93824992251442 64
4 0 -  I 93824992251369 64
4 0 0 L 140737488337976 8
4 0 0 L 93824992396164 4
4 0 0 L 140737488338224 8
4 0 2 L 93824992405732 4
4 0 -  I 93824992251360 64
4 0 -  I 93824992251369 64
4 0 3 L 140737488337976 8
4 0 0 L 93824992396168 4
4 0 0 L 140737488338224 8
4 0 2 L 93824992405756 4
4 0 -  I 93824992251393 64
4 0 3 L 93824992405756 4
4 0 4 S 93824992405756 4
4 0 -  I 93824992251401 64
4 0 -  I 93824992251414 64
4 0 9 S 140736884378400 4
4 0 -  I 93824992251369 64
4 0 3 L 140737488337976 8
4 0 0 L 93824992396172 4
4 0 0 L 140737488338224 8
4 0 2 L 93824992405764 4
4 0 -  I 93824992251360 64
4 0 -  I 93824992251369 64
4 0 3 L 140737488337976 8
4 0 0 L 93824992396176 4
4 0 0 L 140737488338224 8
4 0 2 L 93824992405768 4
4 0 -  I 93824992251360 64
4 0 -  I 93824992251369 64
4 0 3 L 140737488337976 8
4 0 0 L 93824992396180 4
4 0 0 L 140737488338224 8
4 0 2 L 93824992405796 4
4 0 -  I 93824992251393 64
4 0 3 L 93824992405796 4
4 0 4 S 93824992405796 4
4 0 -  I 93824992251401 64
4 0 -  I 93824992251414 64
4 0 9 S 140736884378404 4
4 0 -  I 93824992251369 64
4 0 3 L 140737488337976 8
4 0 0 L 93824992396184 4
4 0 0 L 140737488338224 8
4 0 2 L 93824992405800 4
4 0 -  I 93824992251393 64
4 0 3 L 93824992405800 4
4 0 4 S 93824992405800 4
4 0 -  I 93824992251401 64
4 0 -  I 93824992251414 64
4 0 9 S 140736884378408 4
4 0 -  I 93824992251369 64
4 0 3 L 140737488337976 8
4 0 0 L 93824992396188 4
4 0 0 L 140737488338224 8
4 0 2 L 93824992405804 4
4 0 -  I 93824992251393 64
4 0 3 L 93824992405804 4
4 0 4 S 93824992405804 4
4 0 -  I 93824992251401 64
4 0 -  I 93824992251414 64
4 0 9 S 140736884378412 4
4 0 -  I 93824992251442 64
4 0 -  I 93824992251369 64
4 0 0 L 140737488337976 8
4 0 0 L 93824992396212 4
4 0 0 L 140737488338224 8
4 0 2 L 93824992405740 4
4 0 -  I 93824992251360 64
4 0 -  I 93824992251369 64
4 0 3 L 140737488337976 8
4 0 0 L 93824992396216 4
4 0 0 L 140737488338224 8
4 0 2 L 93824992405760 4
4 0 -  I 93824992251360 64
4 0 -  I 93824992251369 64
4 0 3 L 140737488337976 8
4 0 0 L 93824992396220 4
4 0 0 L 140737488338224 8
4 0 2 L 93824992405764 4
4 0 -  I 93824992251360 64
4 0 -  I 93824992251369 64
4 0 3 L 140737488337976 8
4 0 0 L 93824992396224 4
4 0 0 L 140737488338224 8
4 0 2 L 93824992405772 4
4 0 -  I 93824992251360 64
4 0 -  I 93824992251369 64
4 0 3 L 140737488337976 8
4 0 0 L 93824992396228 4
4 0 0 L 140737488338224 8
4 0 2 L 93824992405804 4
4 0 -  I 93824992251360 64
4 0 -  I 93824992251369 64
4 0 3 L 140737488337976 8
4 0 0 L 93824992396232 4
4 0 0 L 140737488338224 8
4 0 2 L 93824992405808 4
4 0 -  I 93824992251393 64
4 0 3 L 93824992405808 4
4 0 4 S 93824992405808 4
4 0 -  I 93824992251401 64
4 0 -  I 93824992251414 64
4 0 9 S 140736884378416 4
4 0 -  I 93824992251369 64
4 0 3 L 140737488337976 8
4 0 0 L 93824992396236 4
4 0 0 L 140737488338224 8
4 0 2 L 93824992405812 4
4 0 -  I 93824992251393 64
4 0 3 L 93824992405812 4
4 0 4 S 93824992405812 4
4 0 -  I 93824992251401 64
4 0 -  I 93824992251414 64
4 0 9 S 140736884378420 4
4 0 -  I 93824992251442 64
4 0 -  I 93824992251369 64
4 0 0 L 140737488337976 8
4 0 0 L 93824992397628 4
4 0 0 L 140737488338224 8
4 0 2 L 93824992406028 4
4 0 -  I 93824992251360 64
4 0 -  I 93824992251369 64
4 0 3 L 140737488337976 8
4 0 0 L 93824992397632 4
4 0 0 L 140737488338224 8
4 0 2 L 93824992406036 4
4 0 -  I 93824992251360 64
4 0 -  I 93824992251442 64
4 0 -  I 93824992251369 64
4 0 0 L 140737488337976 8
4 0 0 L 93824992397636 4
4 0 0 L 140737488338224 8
4 0 2 L 93824992405968 4
4 0 -  I 93824992251360 64
4 0 -  I 93824992251369 64
4 0 3 L 140737488337976 8
4 0 0 L 93824992397640 4
4 0 0 L 140737488338224 8
4 0 2 L 93824992405972 4
4 0 -  I 93824992251393 64
4 0 3 L 93824992405972 4
4 0 4 S 93824992405972 4
4 0 -  I 93824992251401 64
4 0 -  I 93824992251414 64
4 0 9 S 140736884378400 4
4 0 -  I 93824992251369 64
4 0 3 L 140737488337976 8
4 0 0 L 93824992397644 4
4 0 0 L 140737488338224 8
4 0 2 L 93824992406028 4
4 0 -  I 93824992251393 64
4 0 3 L 93824992406028 4
4 0 4 S 93824992406028 4
4 0 -  I 93824992251401 64
4 0 -  I 93824992251414 64
4 0 9 S 140736884378404 4
4 0 -  I 93824992251369 64
4 0 3 L 140737488337976 8
4 0 0 L 93824992397648 4
4 0 0 L 140737488338224 8
4 0 2 L 93824992406032 4
4 0 -  I 93824992251393 64
4 0 3 L 93824992406032 4
4 0 4 S 93824992406032 4
4 0 -  I 93824992251401 64
4 0 -  I 93824992251414 64
4 0 9 S 140736884378408 4
4 0 -  I 93824992251369 64
4 0 3 L 140737488337976 8
4 0 0 L 93824992397652 4
4 0 0 L 140737488338224 8
4 0 2 L 93824992406040 4
4 0 -  I 93824992251360 64
4 0 -  I 93824992251442 64
4 0 -  I 93824992251369 64
4 0 0 L 140737488337976 8
4 0 0 L 93824992397672 4
4 0 0 L 140737488338224 8
4 0 2 L 93824992405952 4
4 0 -  I 93824992251393 64
4 0 3 L 93824992405952 4
4 0 4 S 93824992405952 4
4 0 -  I 93824992251401 64
4 0 -  I 93824992251414 64
4 0 9 S 140736884378412 4
4 0 -  I 93824992251369 64
4 0 3 L 140737488337976 8
4 0 0 L 93824992397676 4
4 0 0 L 140737488338224 8
4 0 2 L 93824992405956 4
4 0 -  I 93824992251360 64
4 0 -  I 93824992251369 64
4 0 3 L 140737488337976 8
4 0 0 L 93824992397680 4
4 0 0 L 140737488338224 8
4 0 2 L 93824992405960 4
4 0 -  I 93824992251360 64
4 0 -  I 93824992251369 64
4 0 3 L 140737488337976 8
4 0 0 L 93824992397684 4
4 0 0 L 140737488338224 8
4 0 2 L 93824992406040 4
4 0 -  I 93824992251360 64
4 0 -  I 93824992251369 64
4 0 3 L 140737488337976 8
4 0 0 L 93824992397688 4
4 0 0 L 140737488338224 8
4 0 2 L 93824992406048 4
4 0 -  I 93824992251393 64
4 0 3 L 93824992406048 4
4 0 4 S 93824992406048 4
4 0 -  I 93824992251401 64
4 0 -  I 93824992251414 64
4 0 9 S 140736884378416 4
4 0 -  I 93824992251442 64
4 0 -  I 93824992251369 64
4 0 0 L 140737488337976 8
4 0 0 L 93824992396708 4
4 0 0 L 140737488338224 8
4 0 2 L 93824992405820 4
4 0 -  I 93824992251360 64
4 0 -  I 93824992251369 64
4 0 3 L 140737488337976 8
4 0 0 L 93824992396712 4
4 0 0 L 140737488338224 8
4 0 2 L 93824992405852 4
4 0 -  I 93824992251360 64
4 0 -  I 93824992251369 64
4 0 3 L 140737488337976 8
4 0 0 L 93824992396716 4
4 0 0 L 140737488338224 8
4 0 2 L 93824992405860 4
4 0 -  I 93824992251360 64
4 0 -  I 93824992251369 64
4 0 3 L 140737488337976 8
4 0 0 L 93824992396720 4
4 0 0 L 140737488338224 8
4 0 2 L 93824992405976 4
4 0 -  I 93824992251360 64
4 0 -  I 93824992251369 64
4 0 3 L 140737488337976 8
4 0 0 L 93824992396724 4
4 0 0 L 140737488338224 8
4 0 2 L 93824992405980 4
4 0 -  I 93824992251360 64
4 0 -  I 93824992251442 64
4 0 -  I 93824992251369 64
4 0 0 L 140737488337976 8
4 0 0 L 93824992397400 4
4 0 0 L 140737488338224 8
4 0 2 L 93824992405856 4
4 0 -  I 93824992251360 64
4 0 -  I 93824992251369 64
4 0 3 L 140737488337976 8
4 0 0 L 93824992397404 4
4 0 0 L 140737488338224 8
4 0 2 L 93824992405980 4
4 0 -  I 93824992251360 64
4 0 -  I 93824992251442 64
4 0 -  I 93824992251369 64
4 0 0 L 140737488337976 8
4 0 0 L 93824992397476 4
4 0 0 L 140737488338224 8
4 0 2 L 93824992405992 4
4 0 -  I 93824992251360 64
4 0 -  I 93824992251369 64
4 0 3 L 140737488337976 8
4 0 0 L 93824992397480 4
4 0 0 L 140737488338224 8
4 0 2 L 93824992406000 4
4 0 -  I 93824992251360 64
4 0 -  I 93824992251442 64
4 0 -  I 93824992251369 64
4 0 0 L 140737488337976 8
4 0 0 L 93824992397504 4
4 0 0 L 140737488338224 8
4 0 2 L 93824992405880 4
4 0 -  I 93824992251360 64
4 0 -  I 93824992251369 64
4 0 3 L 140737488337976 8
4 0 0 L 93824992397508 4
4 0 0 L 140737488338224 8
4 0 2 L 93824992405888 4
4 0 -  I 93824992251393 64
4 0 3 L 93824992405888 4
4 0 4 S 93824992405888 4
4 0 -  I 93824992251401 64
4 0 -  I 93824992251414 64
4 0 9 S 140736884378400 4
4 0 -  I 93824992251369 64
4 0 3 L 140737488337976 8
4 0 0 L 93824992397512 4
4 0 0 L 140737488338224 8
4 0 2 L 93824992406000 4
4 0 -  I 93824992251360 64
4 0 -  I 93824992251369 64
4 0 3 L 140737488337976 8
4 0 0 L 93824992397516 4
4 0 0 L 140737488338224 8
4 0 2 L 93824992406008 4
4 0 -  I 93824992251393 64
4 0 3 L 93824992406008 4
4 0 4 S 93824992406008 4
4 0 -  I 93824992251401 64
4 0 -  I 93824992251414 64
4 0 9 S 140736884378404 4
4 0 -  I 93824992251442 64
4 0 -  I 93824992251369 64
4 0 0 L 140737488337976 8
4 0 0 L 93824992397692 4
4 0 0 L 140737488338224 8
4 0 2 L 93824992405932 4
4 0 -  I 93824992251360 64
4 0 -  I 93824992251369 64
4 0 3 L 140737488337976 8
4 0 0 L 93824992397696 4
4 0 0 L 140737488338224 8
4 0 2 L 93824992405940 4
4 0 -  I 93824992251360 64
4 0 -  I 93824992251369 64
4 0 3 L 140737488337976 8
4 0 0 L 93824992397700 4
4 0 0 L 140737488338224 8
4 0 2 L 93824992405948 4
4 0 -  I 93824992251393 64
4 0 3 L 93824992405948 4
4 0 4 S 93824992405948 4
4 0 -  I 93824992251401 64
4 0 -  I 93824992251414 64
4 0 9 S 140736884378400 4
4 0 -  I 93824992251369 64
4 0 3 L 140737488337976 8
4 0 0 L 93824992397704 4
4 0 0 L 140737488338224 8
4 0 2 L 93824992405952 4
4 0 -  I 93824992251360 64
4 0 -  I 93824992251369 64
4 0 3 L 140737488337976 8
4 0 0 L 93824992397708 4
4 0 0 L 140737488338224 8
4 0 2 L 93824992406044 4
4 0 -  I 93824992251360 64
4 0 -  I 93824992251369 64
4 0 3 L 140737488337976 8
4 0 0 L 93824992397712 4
4 0 0 L 140737488338224 8
4 0 2 L 93824992406052 4
4 0 -  I 93824992251393 64
4 0 3 L 93824992406052 4
4 0 4 S 93824992406052 4
4 0 -  I 93824992251401 64
4 0 -  I 93824992251414 64
4 0 9 S 140736884378404 4
4 0 -  I 93824992251442 64
4 0 -  I 93824992251369 64
4 0 0 L 140737488337976 8
4 0 0 L 93824992397236 4
4 0 0 L 140737488338224 8
4 0 2 L 93824992405940 4
4 0 -  I 93824992251360 64
4 0 -  I 93824992251369 64
4 0 3 L 140737488337976 8
4 0 0 L 93824992397240 4
4 0 0 L 140737488338224 8
4 0 2 L 93824992405944 4
4 0 -  I 93824992251360 64
4 0 -  I 93824992251369 64
4 0 3 L 140737488337976 8
4 0 0 L 93824992397244 4
4 0 0 L 140737488338224 8
4 0 2 L 93824992406048 4
4 0 -  I 93824992251360 64
4 0 -  I 93824992251369 64
4 0 3 L 140737488337976 8
4 0 0 L 93824992397248 4
4 0 0 L 140737488338224 8
4 0 2 L 93824992406052 4
4 0 -  I 93824992251360 64
4 0 -  I 93824992251369 64
4 0 3 L 140737488337976 8
4 0 0 L 93824992397252 4
4 0 0 L 140737488338224 8
4 0 2 L 93824992406056 4
4 0 -  I 93824992251393 64
4 0 3 L 93824992406056 4
4 0 4 S 93824992406056 4
4 0 -  I 93824992251401 64
4 0 -  I 93824992251414 64
4 0 9 S 140736884378400 4
4 0 -  I 93824992251442 64
4 0 -  I 93824992251369 64
4 0 0 L 140737488337976 8
4 0 0 L 93824992397716 4
4 0 0 L 140737488338224 8
4 0 2 L 93824992405948 4
4 0 -  I 93824992251360 64
4 0 -  I 93824992251369 64
4 0 3 L 140737488337976 8
4 0 0 L 93824992397720 4
4 0 0 L 140737488338224 8
4 0 2 L 93824992406048 4
4 0 -  I 93824992251360 64
4 0 -  I 93824992251369 64
4 0 3 L 140737488337976 8
4 0 0 L 93824992397724 4
4 0 0 L 140737488338224 8
4 0 2 L 93824992406056 4
4 0 -  I 93824992251360 64
4 0 -  I 93824992251442 64
4 0 -  I 93824992251369 64
4 0 0 L 140737488337976 8
4 0 0 L 93824992397744 4
4 0 0 L 140737488338224 8
4 0 2 L 93824992405944 4
4 0 -  I 93824992251360 64
4 0 -  I 93824992251369 64
4 0 3 L 140737488337976 8
4 0 0 L 93824992397748 4
4 0 0 L 140737488338224 8
4 0 2 L 93824992406056 4
4 0 -  I 93824992251360 64
4 0 -  I 93824992251369 64
4 0 3 L 140737488337976 8
4 0 0 L 93824992397752 4
4 0 0 L 140737488338224 8
4 0 2 L 93824992406064 4
4 0 -  I 93824992251360 64
4 0 -  I 93824992251442 64
4 0 -  I 93824992251369 64
4 0 0 L 140737488337976 8
4 0 0 L 93824992397728 4
4 0 0 L 140737488338224 8
4 0 2 L 93824992405944 4
4 0 -  I 93824992251360 64
4 0 -  I 93824992251369 64
4 0 3 L 140737488337976 8
4 0 0 L 93824992397732 4
4 0 0 L 140737488338224 8
4 0 2 L 93824992405948 4
4 0 -  I 93824992251360 64
4 0 -  I 93824992251369 64
4 0 3 L 140737488337976 8
4 0 0 L 93824992397736 4
4 0 0 L 140737488338224 8
4 0 2 L 93824992406052 4
4 0 -  I 93824992251360 64
4 0 -  I 93824992251369 64
4 0 3 L 140737488337976 8
4 0 0 L 93824992397740 4
4 0 0 L 140737488338224 8
4 0 2 L 93824992406060 4
4 0 -  I 93824992251360 64
4 0 -  I 93824992251442 64
4 0 -  I 93824992251369 64
4 0 0 L 140737488337976 8
4 0 0 L 93824992397744 4
4 0 0 L 140737488338224 8
4 0 2 L 93824992405944 4
4 0 -  I 93824992251360 64
4 0 -  I 93824992251369 64
4 0 3 L 140737488337976 8
4 0 0 L 93824992397748 4
4 0 0 L 140737488338224 8
4 0 2 L 93824992406056 4
4 0 -  I 93824992251360 64
4 0 -  I 93824992251369 64
4 0 3 L 140737488337976 8
4 0 0 L 93824992397752 4
4 0 0 L 140737488338224 8
4 0 2 L 93824992406064 4
4 0 -  I 93824992251360 64
4 0 -  I 93824992251442 64
4 0 -  I 93824992251369 64
4 0 0 L 140737488337976 8
4 0 0 L 93824992397476 4
4 0 0 L 140737488338224 8
4 0 2 L 93824992405992 4
4 0 -  I 93824992251393 64
4 0 3 L 93824992405992 4
4 0 4 S 93824992405992 4
4 0 -  I 93824992251401 64
4 0 -  I 93824992251414 64
4 0 9 S 93824992410640 4
4 0 -  I 93824992251369 64
4 0 3 L 140737488337976 8
4 0 0 L 93824992397480 4
4 0 0 L 140737488338224 8
4 0 2 L 93824992406000 4
4 0 -  I 93824992251393 64
4 0 3 L 93824992406000 4
4 0 4 S 93824992406000 4
4 0 -  I 93824992251401 64
4 0 -  I 93824992251414 64
4 0 9 S 93824992410644 4
4 0 -  I 93824992251442 64
4 0 -  I 93824992251369 64
4 0 0 L 140737488337976 8
4 0 0 L 93824992397484 4
4 0 0 L 140737488338224 8
4 0 2 L 93824992405876 4
4 0 -  I 93824992251393 64
4 0 3 L 93824992405876 4
4 0 4 S 93824992405876 4
4 0 -  I 93824992251401 64
4 0 -  I 93824992251414 64
4 0 9 S 140736884378400 4
4 0 -  I 93824992251369 64
4 0 3 L 140737488337976 8
4 0 0 L 93824992397488 4
4 0 0 L 140737488338224 8
4 0 2 L 93824992405880 4
4 0 -  I 93824992251393 64
4 0 3 L 93824992405880 4
4 0 4 S 93824992405880 4
4 0 -  I 93824992251401 64
4 0 -  I 93824992251414 64
4 0 9 S 140736884378404 4
4 0 -  I 93824992251369 64
4 0 3 L 140737488337976 8
4 0 0 L 93824992397492 4
4 0 0 L 140737488338224 8
4 0 2 L 93824992405992 4
4 0 -  I 93824992251360 64
4 0 -  I 93824992251369 64
4 0 3 L 140737488337976 8
4 0 0 L 93824992397496 4
4 0 0 L 140737488338224 8
4 0 2 L 93824992405996 4
4 0 -  I 93824992251360 64
4 0 -  I 93824992251369 64
4 0 3 L 140737488337976 8
4 0 0 L 93824992397500 4
4 0 0 L 140737488338224 8
4 0 2 L 93824992406004 4
4 0 -  I 93824992251393 64
4 0 3 L 93824992406004 4
4 0 4 S 93824992406004 4
4 0 -  I 93824992251401 64
4 0 -  I 93824992251414 64
4 0 9 S 140736884378408 4
4 0 -  I 93824992251442 64
4 0 -  I 93824992251369 64
4 0 0 L 140737488337976 8
4 0 0 L 93824992396848 4
4 0 0 L 140737488338224 8
4 0 2 L 93824992405832 4
4 0 -  I 93824992251393 64
4 0 3 L 93824992405832 4
4 0 4 S 93824992405832 4
4 0 -  I 93824992251401 64
4 0 -  I 93824992251414 64
4 0 9 S 140736884378400 4
4 0 -  I 93824992251369 64
4 0 3 L 140737488337976 8
4 0 0 L 93824992396852 4
4 0 0 L 140737488338224 8
4 0 2 L 93824992405836 4
4 0 -  I 93824992251393 64
4 0 3 L 93824992405836 4
4 0 4 S 93824992405836 4
4 0 -  I 93824992251401 64
4 0 -  I 93824992251414 64
4 0 9 S 140736884378404 4
4 0 -  I 93824992251369 64
4 0 3 L 140737488337976 8
4 0 0 L 93824992396856 4
4 0 0 L 140737488338224 8
4 0 2 L 93824992405840 4
4 0 -  I 93824992251393 64
4 0 3 L 93824992405840 4
4 0 4 S 93824992405840 4
4 0 -  I 93824992251401 64
4 0 -  I 93824992251414 64
4 0 9 S 140736884378408 4
4 0 -  I 93824992251369 64
4 0 3 L 140737488337976 8
4 0 0 L 93824992396860 4
4 0 0 L 140737488338224 8
4 0 2 L 93824992405872 4
4 0 -  I 93824992251393 64
4 0 3 L 93824992405872 4
4 0 4 S 93824992405872 4
4 0 -  I 93824992251401 64
4 0 -  I 93824992251414 64
4 0 9 S 140736884378412 4
4 0 -  I 93824992251369 64
4 0 3 L 140737488337976 8
4 0 0 L 93824992396864 4
4 0 0 L 140737488338224 8
4 0 2 L 93824992405876 4
4 0 -  I 93824992251360 64
4 0 -  I 93824992251369 64
4 0 3 L 140737488337976 8
4 0 0 L 93824992396868 4
4 0 0 L 140737488338224 8
4 0 2 L 93824992405884 4
4 0 -  I 93824992251393 64
4 0 3 L 93824992405884 4
4 0 4 S 93824992405884 4
4 0 -  I 93824992251401 64
4 0 -  I 93824992251414 64
4 0 9 S 140736884378416 4
4 0 -  I 93824992251369 64
4 0 3 L 140737488337976 8
4 0 0 L 93824992396872 4
4 0 0 L 140737488338224 8
4 0 2 L 93824992405888 4
4 0 -  I 93824992251393 64
4 0 3 L 93824992405888 4
4 0 4 S 93824992405888 4
4 0 -  I 93824992251401 64
4 0 -  I 93824992251414 64
4 0 9 S 140736884378420 4
4 0 -  I 93824992251369 64
4 0 3 L 140737488337976 8
4 0 0 L 93824992396876 4
4 0 0 L 140737488338224 8
4 0 2 L 93824992406000 4
4 0 -  I 93824992251360 64
4 0 -  I 93824992251369 64
4 0 3 L 140737488337976 8
4 0 0 L 93824992396880 4
4 0 0 L 140737488338224 8
4 0 2 L 93824992406004 4
4 0 -  I 93824992251360 64
4 0 -  I 93824992251442 64
4 0 -  I 93824992251369 64
4 0 0 L 140737488337976 8
4 0 0 L 93824992397504 4
4 0 0 L 140737488338224 8
4 0 2 L 93824992405880 4
4 0 -  I 93824992251360 64
4 0 -  I 93824992251369 64
4 0 3 L 140737488337976 8
4 0 0 L 93824992397508 4
4 0 0 L 140737488338224 8
4 0 2 L 93824992405888 4
4 0 -  I 93824992251360 64
4 0 -  I 93824992251369 64
4 0 3 L 140737488337976 8
4 0 0 L 93824992397512 4
4 0 0 L 140737488338224 8
4 0 2 L 93824992406000 4
4 0 -  I 93824992251360 64
4 0 -  I 93824992251369 64
4 0 3 L 140737488337976 8
4 0 0 L 93824992397516 4
4 0 0 L 140737488338224 8
4 0 2 L 93824992406008 4
4 0 -  I 93824992251393 64
4 0 3 L 93824992406008 4
4 0 4 S 93824992406008 4
4 0 -  I 93824992251401 64
4 0 -  I 93824992251414 64
4 0 9 S 140736884378424 4
4 0 -  I 93824992251442 64
4 0 -  I 93824992251369 64
4 0 0 L 140737488337976 8
4 0 0 L 93824992397692 4
4 0 0 L 140737488338224 8
4 0 2 L 93824992405932 4
4 0 -  I 93824992251360 64
4 0 -  I 93824992251369 64
4 0 3 L 140737488337976 8
4 0 0 L 93824992397696 4
4 0 0 L 140737488338224 8
4 0 2 L 93824992405940 4
4 0 -  I 93824992251360 64
4 0 -  I 93824992251369 64
4 0 3 L 140737488337976 8
4 0 0 L 93824992397700 4
4 0 0 L 140737488338224 8
4 0 2 L 93824992405948 4
4 0 -  I 93824992251393 64
4 0 3 L 93824992405948 4
4 0 4 S 93824992405948 4
4 0 -  I 93824992251401 64
4 0 -  I 93824992251414 64
4 0 9 S 140736884378400 4
4 0 -  I 93824992251369 64
4 0 3 L 140737488337976 8
4 0 0 L 93824992397704 4
4 0 0 L 140737488338224 8
4 0 2 L 93824992405952 4
4 0 -  I 93824992251360 64
4 0 -  I 93824992251369 64
4 0 3 L 140737488337976 8
4 0 0 L 93824992397708 4
4 0 0 L 140737488338224 8
4 0 2 L 93824992406044 4
4 0 -  I 93824992251360 64
4 0 -  I 93824992251369 64
4 0 3 L 140737488337976 8
4 0 0 L 93824992397712 4
4 0 0 L 140737488338224 8
4 0 2 L 93824992406052 4
4 0 -  I 93824992251393 64
4 0 3 L 93824992406052 4
4 0 4 S 93824992406052 4
4 0 -  I 93824992251401 64
4 0 -  I 93824992251414 64
4 0 9 S 140736884378404 4
4 0 -  I 93824992251442 64
4 0 -  I 93824992251369 64
4 0 0 L 140737488337976 8
4 0 0 L 93824992397212 4
4 0 0 L 140737488338224 8
4 0 2 L 93824992405936 4
4 0 -  I 93824992251360 64
4 0 -  I 93824992251369 64
4 0 3 L 140737488337976 8
4 0 0 L 93824992397216 4
4 0 0 L 140737488338224 8
4 0 2 L 93824992405940 4
4 0 -  I 93824992251360 64
4 0 -  I 93824992251369 64
4 0 3 L 140737488337976 8
4 0 0 L 93824992397220 4
4 0 0 L 140737488338224 8
4 0 2 L 93824992405948 4
4 0 -  I 93824992251360 64
4 0 -  I 93824992251369 64
4 0 3 L 140737488337976 8
4 0 0 L 93824992397224 4
4 0 0 L 140737488338224 8
4 0 2 L 93824992406056 4
4 0 -  I 93824992251360 64
4 0 -  I 93824992251369 64
4 0 3 L 140737488337976 8
4 0 0 L 93824992397228 4
4 0 0 L 140737488338224 8
4 0 2 L 93824992406060 4
4 0 -  I 93824992251393 64
4 0 3 L 93824992406060 4
4 0 4 S 93824992406060 4
4 0 -  I 93824992251401 64
4 0 -  I 93824992251414 64
4 0 9 S 140736884378400 4
4 0 -  I 93824992251369 64
4 0 3 L 140737488337976 8
4 0 0 L 93824992397232 4
4 0 0 L 140737488338224 8
4 0 2 L 93824992406064 4
4 0 -  I 93824992251360 64
4 0 -  I 93824992251442 64
4 0 -  I 93824992251369 64
4 0 0 L 140737488337976 8
4 0 0 L 93824992397756 4
4 0 0 L 140737488338224 8
4 0 2 L 93824992405936 4
4 0 -  I 93824992251360 64
4 0 -  I 93824992251369 64
4 0 3 L 140737488337976 8
4 0 0 L 93824992397760 4
4 0 0 L 140737488338224 8
4 0 2 L 93824992405944 4
4 0 -  I 93824992251360 64
4 0 -  I 93824992251369 64
4 0 3 L 140737488337976 8
4 0 0 L 93824992397764 4
4 0 0 L 140737488338224 8
4 0 2 L 93824992406060 4
4 0 -  I 93824992251360 64
4 0 -  I 93824992251442 64
4 0 -  I 93824992251369 64
4 0 0 L 140737488337976 8
4 0 0 L 93824992397744 4
4 0 0 L 140737488338224 8
4 0 2 L 93824992405944 4
4 0 -  I 93824992251360 64
4 0 -  I 93824992251369 64
4 0 3 L 140737488337976 8
4 0 0 L 93824992397748 4
4 0 0 L 140737488338224 8
4 0 2 L 93824992406056 4
4 0 -  I 93824992251360 64
4 0 -  I 93824992251369 64
4 0 3 L 140737488337976 8
4 0 0 L 93824992397752 4
4 0 0 L 140737488338224 8
4 0 2 L 93824992406064 4
4 0 -  I 93824992251360 64
4 0 -  I 93824992251442 64
