4 10 -  I 93824992251369 64
4 10 0 L 140737488337976 8
4 10 0 L 93824992397348 4
4 10 0 L 140737488338224 8
4 10 2 L 93824992413544 4
4 10 -  I 93824992251393 64
4 10 3 L 93824992413544 4
4 10 4 S 93824992413544 4
4 10 -  I 93824992251401 64
4 10 -  I 93824992251414 64
4 10 9 S 140736011963168 4
4 10 -  I 93824992251369 64
4 10 3 L 140737488337976 8
4 10 0 L 93824992397352 4
4 10 0 L 140737488338224 8
4 10 2 L 93824992413576 4
4 10 -  I 93824992251360 64
4 10 -  I 93824992251369 64
4 10 3 L 140737488337976 8
4 10 0 L 93824992397356 4
4 10 0 L 140737488338224 8
4 10 2 L 93824992413580 4
4 10 -  I 93824992251393 64
4 10 3 L 93824992413580 4
4 10 4 S 93824992413580 4
4 10 -  I 93824992251401 64
4 10 -  I 93824992251414 64
4 10 9 S 140736011963172 4
4 10 -  I 93824992251369 64
4 10 3 L 140737488337976 8
4 10 0 L 93824992397360 4
4 10 0 L 140737488338224 8
4 10 2 L 93824992413588 4
4 10 -  I 93824992251393 64
4 10 3 L 93824992413588 4
4 10 4 S 93824992413588 4
4 10 -  I 93824992251401 64
4 10 -  I 93824992251414 64
4 10 9 S 140736011963176 4
4 10 -  I 93824992251369 64
4 10 3 L 140737488337976 8
4 10 0 L 93824992397364 4
4 10 0 L 140737488338224 8
4 10 2 L 93824992413632 4
4 10 -  I 93824992251393 64
4 10 3 L 93824992413632 4
4 10 4 S 93824992413632 4
4 10 -  I 93824992251401 64
4 10 -  I 93824992251414 64
4 10 9 S 140736011963180 4
4 10 -  I 93824992251369 64
4 10 3 L 140737488337976 8
4 10 0 L 93824992397368 4
4 10 0 L 140737488338224 8
4 10 2 L 93824992413644 4
4 10 -  I 93824992251393 64
4 10 3 L 93824992413644 4
4 10 4 S 93824992413644 4
4 10 -  I 93824992251401 64
4 10 -  I 93824992251414 64
4 10 9 S 140736011963184 4
4 10 -  I 93824992251369 64
4 10 3 L 140737488337976 8
4 10 0 L 93824992397372 4
4 10 0 L 140737488338224 8
4 10 2 L 93824992413652 4
4 10 -  I 93824992251360 64
4 10 -  I 93824992251369 64
4 10 3 L 140737488337976 8
4 10 0 L 93824992397376 4
4 10 0 L 140737488338224 8
4 10 2 L 93824992413656 4
4 10 -  I 93824992251360 64
4 10 -  I 93824992251442 64
7 10 -  I 93824992251369 64
7 10 0 L 140737488337976 8
7 10 0 L 93824992397636 4
7 10 0 L 140737488338224 8
7 10 2 L 93824992413584 4
7 10 -  I 93824992251360 64
7 10 -  I 93824992251369 64
7 10 3 L 140737488337976 8
7 10 0 L 93824992397640 4
7 10 0 L 140737488338224 8
7 10 2 L 93824992413588 4
7 10 -  I 93824992251360 64
7 10 -  I 93824992251369 64
7 10 3 L 140737488337976 8
7 10 0 L 93824992397644 4
7 10 0 L 140737488338224 8
7 10 2 L 93824992413644 4
7 10 -  I 93824992251360 64
7 10 -  I 93824992251369 64
7 10 3 L 140737488337976 8
7 10 0 L 93824992397648 4
7 10 0 L 140737488338224 8
7 10 2 L 93824992413648 4
7 10 -  I 93824992251393 64
7 10 3 L 93824992413648 4
7 10 4 S 93824992413648 4
7 10 -  I 93824992251401 64
7 10 -  I 93824992251414 64
7 10 9 S 140736347507488 4
7 10 -  I 93824992251369 64
7 10 3 L 140737488337976 8
7 10 0 L 93824992397652 4
7 10 0 L 140737488338224 8
7 10 2 L 93824992413656 4
7 10 -  I 93824992251360 64
7 10 -  I 93824992251442 64
5 10 -  I 93824992251369 64
5 10 0 L 140737488337976 8
5 10 0 L 93824992397476 4
5 10 0 L 140737488338224 8
5 10 2 L 93824992413608 4
5 10 -  I 93824992251360 64
5 10 -  I 93824992251369 64
5 10 3 L 140737488337976 8
5 10 0 L 93824992397480 4
5 10 0 L 140737488338224 8
5 10 2 L 93824992413616 4
5 10 -  I 93824992251360 64
5 10 -  I 93824992251442 64
7 10 -  I 93824992251369 64
7 10 0 L 140737488337976 8
7 10 0 L 93824992397692 4
7 10 0 L 140737488338224 8
7 10 2 L 93824992413548 4
7 10 -  I 93824992251360 64
7 10 -  I 93824992251369 64
7 10 3 L 140737488337976 8
7 10 0 L 93824992397696 4
7 10 0 L 140737488338224 8
7 10 2 L 93824992413556 4
7 10 -  I 93824992251360 64
7 10 -  I 93824992251369 64
7 10 3 L 140737488337976 8
7 10 0 L 93824992397700 4
7 10 0 L 140737488338224 8
7 10 2 L 93824992413564 4
7 10 -  I 93824992251360 64
7 10 -  I 93824992251369 64
7 10 3 L 140737488337976 8
7 10 0 L 93824992397704 4
7 10 0 L 140737488338224 8
7 10 2 L 93824992413568 4
7 10 -  I 93824992251360 64
7 10 -  I 93824992251369 64
7 10 3 L 140737488337976 8
7 10 0 L 93824992397708 4
7 10 0 L 140737488338224 8
7 10 2 L 93824992413660 4
7 10 -  I 93824992251360 64
7 10 -  I 93824992251369 64
7 10 3 L 140737488337976 8
7 10 0 L 93824992397712 4
7 10 0 L 140737488338224 8
7 10 2 L 93824992413668 4
7 10 -  I 93824992251393 64
7 10 3 L 93824992413668 4
7 10 4 S 93824992413668 4
7 10 -  I 93824992251401 64
7 10 -  I 93824992251414 64
7 10 9 S 140736347507488 4
7 10 -  I 93824992251442 64
7 10 -  I 93824992251369 64
7 10 0 L 140737488337976 8
7 10 0 L 93824992397756 4
7 10 0 L 140737488338224 8
7 10 2 L 93824992413552 4
7 10 -  I 93824992251360 64
7 10 -  I 93824992251369 64
7 10 3 L 140737488337976 8
7 10 0 L 93824992397760 4
7 10 0 L 140737488338224 8
7 10 2 L 93824992413560 4
7 10 -  I 93824992251360 64
7 10 -  I 93824992251369 64
7 10 3 L 140737488337976 8
7 10 0 L 93824992397764 4
7 10 0 L 140737488338224 8
7 10 2 L 93824992413676 4
7 10 -  I 93824992251393 64
7 10 3 L 93824992413676 4
7 10 4 S 93824992413676 4
7 10 -  I 93824992251401 64
7 10 -  I 93824992251414 64
7 10 9 S 140736347507488 4
7 10 -  I 93824992251442 64
