0 0 -  I 93824992251369 64
0 0 0 L 140737488337976 8
0 0 0 L 93824992396344 4
0 0 0 L 140737488338224 8
0 0 2 L 93824992409048 4
0 0 -  I 93824992251393 64
0 0 3 L 93824992409048 4
0 0 4 S 93824992409048 4
0 0 -  I 93824992251401 64
0 0 -  I 93824992251414 64
0 0 9 S 93824992413904 4
0 0 -  I 93824992251369 64
0 0 3 L 140737488337976 8
0 0 0 L 93824992396348 4
0 0 0 L 140737488338224 8
0 0 2 L 93824992409052 4
0 0 -  I 93824992251393 64
0 0 3 L 93824992409052 4
0 0 4 S 93824992409052 4
0 0 -  I 93824992251401 64
0 0 -  I 93824992251414 64
0 0 9 S 93824992413908 4
0 0 -  I 93824992251369 64
0 0 3 L 140737488337976 8
0 0 0 L 93824992396352 4
0 0 0 L 140737488338224 8
0 0 2 L 93824992409060 4
0 0 -  I 93824992251393 64
0 0 3 L 93824992409060 4
0 0 4 S 93824992409060 4
0 0 -  I 93824992251401 64
0 0 -  I 93824992251414 64
0 0 9 S 93824992413912 4
0 0 -  I 93824992251369 64
0 0 3 L 140737488337976 8
0 0 0 L 93824992396356 4
0 0 0 L 140737488338224 8
0 0 2 L 93824992409104 4
0 0 -  I 93824992251393 64
0 0 3 L 93824992409104 4
0 0 4 S 93824992409104 4
0 0 -  I 93824992251401 64
0 0 -  I 93824992251414 64
0 0 9 S 93824992413916 4
0 0 -  I 93824992251369 64
0 0 3 L 140737488337976 8
0 0 0 L 93824992396360 4
0 0 0 L 140737488338224 8
0 0 2 L 93824992409108 4
0 0 -  I 93824992251393 64
0 0 3 L 93824992409108 4
0 0 4 S 93824992409108 4
0 0 -  I 93824992251401 64
0 0 -  I 93824992251414 64
0 0 9 S 93824992413920 4
0 0 -  I 93824992251369 64
0 0 3 L 140737488337976 8
0 0 0 L 93824992396364 4
0 0 0 L 140737488338224 8
0 0 2 L 93824992409112 4
0 0 -  I 93824992251393 64
0 0 3 L 93824992409112 4
0 0 4 S 93824992409112 4
0 0 -  I 93824992251401 64
0 0 -  I 93824992251414 64
0 0 9 S 93824992413924 4
0 0 -  I 93824992251442 64
0 0 -  I 93824992251369 64
0 0 0 L 140737488337976 8
0 0 0 L 93824992397400 4
0 0 0 L 140737488338224 8
0 0 2 L 93824992409120 4
0 0 -  I 93824992251360 64
0 0 -  I 93824992251369 64
0 0 3 L 140737488337976 8
0 0 0 L 93824992397404 4
0 0 0 L 140737488338224 8
0 0 2 L 93824992409244 4
0 0 -  I 93824992251360 64
0 0 -  I 93824992251442 64
0 0 -  I 93824992251369 64
0 0 0 L 140737488337976 8
0 0 0 L 93824992397596 4
0 0 0 L 140737488338224 8
0 0 2 L 93824992409284 4
0 0 -  I 93824992251393 64
0 0 3 L 93824992409284 4
0 0 4 S 93824992409284 4
0 0 -  I 93824992251401 64
0 0 -  I 93824992251414 64
0 0 9 S 93824992413904 4
0 0 -  I 93824992251369 64
0 0 3 L 140737488337976 8
0 0 0 L 93824992397600 4
0 0 0 L 140737488338224 8
0 0 2 L 93824992409292 4
0 0 -  I 93824992251393 64
0 0 3 L 93824992409292 4
0 0 4 S 93824992409292 4
0 0 -  I 93824992251401 64
0 0 -  I 93824992251414 64
0 0 9 S 93824992413908 4
0 0 -  I 93824992251442 64
0 0 -  I 93824992251369 64
0 0 0 L 140737488337976 8
0 0 0 L 93824992397580 4
0 0 0 L 140737488338224 8
0 0 2 L 93824992409236 4
0 0 -  I 93824992251393 64
0 0 3 L 93824992409236 4
0 0 4 S 93824992409236 4
0 0 -  I 93824992251401 64
0 0 -  I 93824992251414 64
0 0 9 S 93824992413904 4
0 0 -  I 93824992251369 64
0 0 3 L 140737488337976 8
0 0 0 L 93824992397584 4
0 0 0 L 140737488338224 8
0 0 2 L 93824992409280 4
0 0 -  I 93824992251393 64
0 0 3 L 93824992409280 4
0 0 4 S 93824992409280 4
0 0 -  I 93824992251401 64
0 0 -  I 93824992251414 64
0 0 9 S 93824992413908 4
0 0 -  I 93824992251369 64
0 0 3 L 140737488337976 8
0 0 0 L 93824992397588 4
0 0 0 L 140737488338224 8
0 0 2 L 93824992409288 4
0 0 -  I 93824992251360 64
0 0 -  I 93824992251369 64
0 0 3 L 140737488337976 8
0 0 0 L 93824992397592 4
0 0 0 L 140737488338224 8
0 0 2 L 93824992409292 4
0 0 -  I 93824992251360 64
0 0 -  I 93824992251442 64
0 0 -  I 93824992251369 64
0 0 0 L 140737488337976 8
0 0 0 L 93824992397348 4
0 0 0 L 140737488338224 8
0 0 2 L 93824992409192 4
0 0 -  I 93824992251360 64
0 0 -  I 93824992251369 64
0 0 3 L 140737488337976 8
0 0 0 L 93824992397352 4
0 0 0 L 140737488338224 8
0 0 2 L 93824992409224 4
0 0 -  I 93824992251393 64
0 0 3 L 93824992409224 4
0 0 4 S 93824992409224 4
0 0 -  I 93824992251401 64
0 0 -  I 93824992251414 64
0 0 9 S 93824992413904 4
0 0 -  I 93824992251369 64
0 0 3 L 140737488337976 8
0 0 0 L 93824992397356 4
0 0 0 L 140737488338224 8
0 0 2 L 93824992409228 4
0 0 -  I 93824992251393 64
0 0 3 L 93824992409228 4
0 0 4 S 93824992409228 4
0 0 -  I 93824992251401 64
0 0 -  I 93824992251414 64
0 0 9 S 93824992413908 4
0 0 -  I 93824992251369 64
0 0 3 L 140737488337976 8
0 0 0 L 93824992397360 4
0 0 0 L 140737488338224 8
0 0 2 L 93824992409236 4
0 0 -  I 93824992251360 64
0 0 -  I 93824992251369 64
0 0 3 L 140737488337976 8
0 0 0 L 93824992397364 4
0 0 0 L 140737488338224 8
0 0 2 L 93824992409280 4
0 0 -  I 93824992251360 64
0 0 -  I 93824992251369 64
0 0 3 L 140737488337976 8
0 0 0 L 93824992397368 4
0 0 0 L 140737488338224 8
0 0 2 L 93824992409292 4
0 0 -  I 93824992251360 64
0 0 -  I 93824992251369 64
0 0 3 L 140737488337976 8
0 0 0 L 93824992397372 4
0 0 0 L 140737488338224 8
0 0 2 L 93824992409300 4
0 0 -  I 93824992251360 64
0 0 -  I 93824992251369 64
0 0 3 L 140737488337976 8
0 0 0 L 93824992397376 4
0 0 0 L 140737488338224 8
0 0 2 L 93824992409304 4
0 0 -  I 93824992251360 64
0 0 -  I 93824992251442 64
0 0 -  I 93824992251369 64
0 0 0 L 140737488337976 8
0 0 0 L 93824992397400 4
0 0 0 L 140737488338224 8
0 0 2 L 93824992409120 4
0 0 -  I 93824992251360 64
0 0 -  I 93824992251369 64
0 0 3 L 140737488337976 8
0 0 0 L 93824992397404 4
0 0 0 L 140737488338224 8
0 0 2 L 93824992409244 4
0 0 -  I 93824992251360 64
0 0 -  I 93824992251442 64
0 0 -  I 93824992251369 64
0 0 0 L 140737488337976 8
0 0 0 L 93824992396032 4
0 0 0 L 140737488338224 8
0 0 2 L 93824992408992 4
0 0 -  I 93824992251393 64
0 0 3 L 93824992408992 4
0 0 4 S 93824992408992 4
0 0 -  I 93824992251401 64
0 0 -  I 93824992251414 64
0 0 9 S 93824992413904 4
0 0 -  I 93824992251369 64
0 0 3 L 140737488337976 8
0 0 0 L 93824992396036 4
0 0 0 L 140737488338224 8
0 0 2 L 93824992409000 4
0 0 -  I 93824992251393 64
0 0 3 L 93824992409000 4
0 0 4 S 93824992409000 4
0 0 -  I 93824992251401 64
0 0 -  I 93824992251414 64
0 0 9 S 93824992413908 4
0 0 -  I 93824992251369 64
0 0 3 L 140737488337976 8
0 0 0 L 93824992396040 4
0 0 0 L 140737488338224 8
0 0 2 L 93824992409020 4
0 0 -  I 93824992251393 64
0 0 3 L 93824992409020 4
0 0 4 S 93824992409020 4
0 0 -  I 93824992251401 64
0 0 -  I 93824992251414 64
0 0 9 S 93824992413912 4
0 0 -  I 93824992251369 64
0 0 3 L 140737488337976 8
0 0 0 L 93824992396044 4
0 0 0 L 140737488338224 8
0 0 2 L 93824992409024 4
0 0 -  I 93824992251393 64
0 0 3 L 93824992409024 4
0 0 4 S 93824992409024 4
0 0 -  I 93824992251401 64
0 0 -  I 93824992251414 64
0 0 9 S 93824992413916 4
0 0 -  I 93824992251369 64
0 0 3 L 140737488337976 8
0 0 0 L 93824992396048 4
0 0 0 L 140737488338224 8
0 0 2 L 93824992409028 4
0 0 -  I 93824992251393 64
0 0 3 L 93824992409028 4
0 0 4 S 93824992409028 4
0 0 -  I 93824992251401 64
0 0 -  I 93824992251414 64
0 0 9 S 93824992413920 4
0 0 -  I 93824992251442 64
0 0 -  I 93824992251369 64
0 0 0 L 140737488337976 8
0 0 0 L 93824992396016 4
0 0 0 L 140737488338224 8
0 0 2 L 93824992408996 4
0 0 -  I 93824992251360 64
0 0 -  I 93824992251369 64
0 0 3 L 140737488337976 8
0 0 0 L 93824992396020 4
0 0 0 L 140737488338224 8
0 0 2 L 93824992409012 4
0 0 -  I 93824992251393 64
0 0 3 L 93824992409012 4
0 0 4 S 93824992409012 4
0 0 -  I 93824992251401 64
0 0 -  I 93824992251414 64
0 0 9 S 93824992413904 4
0 0 -  I 93824992251369 64
0 0 3 L 140737488337976 8
0 0 0 L 93824992396024 4
0 0 0 L 140737488338224 8
0 0 2 L 93824992409016 4
0 0 -  I 93824992251393 64
0 0 3 L 93824992409016 4
0 0 4 S 93824992409016 4
0 0 -  I 93824992251401 64
0 0 -  I 93824992251414 64
0 0 9 S 93824992413908 4
0 0 -  I 93824992251369 64
0 0 3 L 140737488337976 8
0 0 0 L 93824992396028 4
0 0 0 L 140737488338224 8
0 0 2 L 93824992409020 4
0 0 -  I 93824992251360 64
0 0 -  I 93824992251442 64
0 0 -  I 93824992251369 64
0 0 0 L 140737488337976 8
0 0 0 L 93824992397628 4
0 0 0 L 140737488338224 8
0 0 2 L 93824992409292 4
0 0 -  I 93824992251360 64
0 0 -  I 93824992251369 64
0 0 3 L 140737488337976 8
0 0 0 L 93824992397632 4
0 0 0 L 140737488338224 8
0 0 2 L 93824992409300 4
0 0 -  I 93824992251360 64
0 0 -  I 93824992251442 64
0 0 -  I 93824992251369 64
0 0 0 L 140737488337976 8
0 0 0 L 93824992396504 4
0 0 0 L 140737488338224 8
0 0 2 L 93824992409072 4
0 0 -  I 93824992251393 64
0 0 3 L 93824992409072 4
0 0 4 S 93824992409072 4
0 0 -  I 93824992251401 64
0 0 -  I 93824992251414 64
0 0 9 S 93824992413904 4
0 0 -  I 93824992251369 64
0 0 3 L 140737488337976 8
0 0 0 L 93824992396508 4
0 0 0 L 140737488338224 8
0 0 2 L 93824992409076 4
0 0 -  I 93824992251393 64
0 0 3 L 93824992409076 4
0 0 4 S 93824992409076 4
0 0 -  I 93824992251401 64
0 0 -  I 93824992251414 64
0 0 9 S 93824992413908 4
0 0 -  I 93824992251369 64
0 0 3 L 140737488337976 8
0 0 0 L 93824992396512 4
0 0 0 L 140737488338224 8
0 0 2 L 93824992409080 4
0 0 -  I 93824992251393 64
0 0 3 L 93824992409080 4
0 0 4 S 93824992409080 4
0 0 -  I 93824992251401 64
0 0 -  I 93824992251414 64
0 0 9 S 93824992413912 4
0 0 -  I 93824992251369 64
0 0 3 L 140737488337976 8
0 0 0 L 93824992396516 4
0 0 0 L 140737488338224 8
0 0 2 L 93824992409088 4
0 0 -  I 93824992251393 64
0 0 3 L 93824992409088 4
0 0 4 S 93824992409088 4
0 0 -  I 93824992251401 64
0 0 -  I 93824992251414 64
0 0 9 S 93824992413916 4
0 0 -  I 93824992251369 64
0 0 3 L 140737488337976 8
0 0 0 L 93824992396520 4
0 0 0 L 140737488338224 8
0 0 2 L 93824992409116 4
0 0 -  I 93824992251393 64
0 0 3 L 93824992409116 4
0 0 4 S 93824992409116 4
0 0 -  I 93824992251401 64
0 0 -  I 93824992251414 64
0 0 9 S 93824992413920 4
0 0 -  I 93824992251369 64
0 0 3 L 140737488337976 8
0 0 0 L 93824992396524 4
0 0 0 L 140737488338224 8
0 0 2 L 93824992409120 4
0 0 -  I 93824992251393 64
0 0 3 L 93824992409120 4
0 0 4 S 93824992409120 4
0 0 -  I 93824992251401 64
0 0 -  I 93824992251414 64
0 0 9 S 93824992413924 4
0 0 -  I 93824992251369 64
0 0 3 L 140737488337976 8
0 0 0 L 93824992396528 4
0 0 0 L 140737488338224 8
0 0 2 L 93824992409124 4
0 0 -  I 93824992251393 64
0 0 3 L 93824992409124 4
0 0 4 S 93824992409124 4
0 0 -  I 93824992251401 64
0 0 -  I 93824992251414 64
0 0 9 S 93824992413928 4
0 0 -  I 93824992251442 64
0 0 -  I 93824992251369 64
0 0 0 L 140737488337976 8
0 0 0 L 93824992397728 4
0 0 0 L 140737488338224 8
0 0 2 L 93824992409208 4
0 0 -  I 93824992251360 64
0 0 -  I 93824992251369 64
0 0 3 L 140737488337976 8
0 0 0 L 93824992397732 4
0 0 0 L 140737488338224 8
0 0 2 L 93824992409212 4
0 0 -  I 93824992251360 64
0 0 -  I 93824992251369 64
0 0 3 L 140737488337976 8
0 0 0 L 93824992397736 4
0 0 0 L 140737488338224 8
0 0 2 L 93824992409316 4
0 0 -  I 93824992251360 64
0 0 -  I 93824992251369 64
0 0 3 L 140737488337976 8
0 0 0 L 93824992397740 4
0 0 0 L 140737488338224 8
0 0 2 L 93824992409324 4
0 0 -  I 93824992251360 64
0 0 -  I 93824992251442 64
8 0 -  I 93824992251369 64
8 0 0 L 140737488337976 8
8 0 0 L 93824992396760 4
8 0 0 L 140737488338224 8
8 0 2 L 93824992409124 4
8 0 -  I 93824992251393 64
8 0 3 L 93824992409124 4
8 0 4 S 93824992409124 4
8 0 -  I 93824992251401 64
8 0 -  I 93824992251414 64
8 0 9 S 93824992413904 4
8 0 -  I 93824992251369 64
8 0 3 L 140737488337976 8
8 0 0 L 93824992396764 4
8 0 0 L 140737488338224 8
8 0 2 L 93824992409132 4
8 0 -  I 93824992251393 64
8 0 3 L 93824992409132 4
8 0 4 S 93824992409132 4
8 0 -  I 93824992251401 64
8 0 -  I 93824992251414 64
8 0 9 S 93824992413908 4
8 0 -  I 93824992251369 64
8 0 3 L 140737488337976 8
8 0 0 L 93824992396768 4
8 0 0 L 140737488338224 8
8 0 2 L 93824992409140 4
8 0 -  I 93824992251393 64
8 0 3 L 93824992409140 4
8 0 4 S 93824992409140 4
8 0 -  I 93824992251401 64
8 0 -  I 93824992251414 64
8 0 9 S 93824992413912 4
8 0 -  I 93824992251369 64
8 0 3 L 140737488337976 8
8 0 0 L 93824992396772 4
8 0 0 L 140737488338224 8
8 0 2 L 93824992409248 4
8 0 -  I 93824992251393 64
8 0 3 L 93824992409248 4
8 0 4 S 93824992409248 4
8 0 -  I 93824992251401 64
8 0 -  I 93824992251414 64
8 0 9 S 93824992413916 4
8 0 -  I 93824992251369 64
8 0 3 L 140737488337976 8
8 0 0 L 93824992396776 4
8 0 0 L 140737488338224 8
8 0 2 L 93824992409252 4
8 0 -  I 93824992251393 64
8 0 3 L 93824992409252 4
8 0 4 S 93824992409252 4
8 0 -  I 93824992251401 64
8 0 -  I 93824992251414 64
8 0 9 S 93824992413920 4
8 0 -  I 93824992251442 64
6 0 -  I 93824992251369 64
6 0 0 L 140737488337976 8
6 0 0 L 93824992396820 4
6 0 0 L 140737488338224 8
6 0 2 L 93824992409128 4
6 0 -  I 93824992251360 64
6 0 -  I 93824992251369 64
6 0 3 L 140737488337976 8
6 0 0 L 93824992396824 4
6 0 0 L 140737488338224 8
6 0 2 L 93824992409132 4
6 0 -  I 93824992251360 64
6 0 -  I 93824992251369 64
6 0 3 L 140737488337976 8
6 0 0 L 93824992396828 4
6 0 0 L 140737488338224 8
6 0 2 L 93824992409136 4
6 0 -  I 93824992251360 64
6 0 -  I 93824992251369 64
6 0 3 L 140737488337976 8
6 0 0 L 93824992396832 4
6 0 0 L 140737488338224 8
6 0 2 L 93824992409144 4
6 0 -  I 93824992251393 64
6 0 3 L 93824992409144 4
6 0 4 S 93824992409144 4
6 0 -  I 93824992251401 64
6 0 -  I 93824992251414 64
6 0 9 S 140736683051808 4
6 0 -  I 93824992251369 64
6 0 3 L 140737488337976 8
6 0 0 L 93824992396836 4
6 0 0 L 140737488338224 8
6 0 2 L 93824992409252 4
6 0 -  I 93824992251360 64
6 0 -  I 93824992251369 64
6 0 3 L 140737488337976 8
6 0 0 L 93824992396840 4
6 0 0 L 140737488338224 8
6 0 2 L 93824992409256 4
6 0 -  I 93824992251360 64
6 0 -  I 93824992251369 64
6 0 3 L 140737488337976 8
6 0 0 L 93824992396844 4
6 0 0 L 140737488338224 8
6 0 2 L 93824992409264 4
6 0 -  I 93824992251393 64
6 0 3 L 93824992409264 4
6 0 4 S 93824992409264 4
6 0 -  I 93824992251401 64
6 0 -  I 93824992251414 64
6 0 9 S 140736683051812 4
6 0 -  I 93824992251442 64
0 0 -  I 93824992251369 64
0 0 0 L 140737488337976 8
0 0 0 L 93824992397656 4
0 0 0 L 140737488338224 8
0 0 2 L 93824992409224 4
0 0 -  I 93824992251393 64
0 0 3 L 93824992409224 4
0 0 4 S 93824992409224 4
0 0 -  I 93824992251401 64
0 0 -  I 93824992251414 64
0 0 9 S 93824992413904 4
0 0 -  I 93824992251369 64
0 0 3 L 140737488337976 8
0 0 0 L 93824992397660 4
0 0 0 L 140737488338224 8
0 0 2 L 93824992409232 4
0 0 -  I 93824992251393 64
0 0 3 L 93824992409232 4
0 0 4 S 93824992409232 4
0 0 -  I 93824992251401 64
0 0 -  I 93824992251414 64
0 0 9 S 93824992413908 4
0 0 -  I 93824992251369 64
0 0 3 L 140737488337976 8
0 0 0 L 93824992397664 4
0 0 0 L 140737488338224 8
0 0 2 L 93824992409300 4
0 0 -  I 93824992251393 64
0 0 3 L 93824992409300 4
0 0 4 S 93824992409300 4
0 0 -  I 93824992251401 64
0 0 -  I 93824992251414 64
0 0 9 S 93824992413912 4
0 0 -  I 93824992251369 64
0 0 3 L 140737488337976 8
0 0 0 L 93824992397668 4
0 0 0 L 140737488338224 8
0 0 2 L 93824992409308 4
0 0 -  I 93824992251393 64
0 0 3 L 93824992409308 4
0 0 4 S 93824992409308 4
0 0 -  I 93824992251401 64
0 0 -  I 93824992251414 64
0 0 9 S 93824992413916 4
0 0 -  I 93824992251442 64
5 0 -  I 93824992251369 64
5 0 0 L 140737488337976 8
5 0 0 L 93824992397400 4
5 0 0 L 140737488338224 8
5 0 2 L 93824992409120 4
5 0 -  I 93824992251360 64
5 0 -  I 93824992251369 64
5 0 3 L 140737488337976 8
5 0 0 L 93824992397404 4
5 0 0 L 140737488338224 8
5 0 2 L 93824992409244 4
5 0 -  I 93824992251360 64
5 0 -  I 93824992251442 64
0 0 -  I 93824992251369 64
0 0 0 L 140737488337976 8
0 0 0 L 93824992396436 4
0 0 0 L 140737488338224 8
0 0 2 L 93824992409032 4
0 0 -  I 93824992251393 64
0 0 3 L 93824992409032 4
0 0 4 S 93824992409032 4
0 0 -  I 93824992251401 64
0 0 -  I 93824992251414 64
0 0 9 S 93824992413904 4
0 0 -  I 93824992251369 64
0 0 3 L 140737488337976 8
0 0 0 L 93824992396440 4
0 0 0 L 140737488338224 8
0 0 2 L 93824992409068 4
0 0 -  I 93824992251393 64
0 0 3 L 93824992409068 4
0 0 4 S 93824992409068 4
0 0 -  I 93824992251401 64
0 0 -  I 93824992251414 64
0 0 9 S 93824992413908 4
0 0 -  I 93824992251369 64
0 0 3 L 140737488337976 8
0 0 0 L 93824992396444 4
0 0 0 L 140737488338224 8
0 0 2 L 93824992409076 4
0 0 -  I 93824992251393 64
0 0 3 L 93824992409076 4
0 0 4 S 93824992409076 4
0 0 -  I 93824992251401 64
0 0 -  I 93824992251414 64
0 0 9 S 93824992413912 4
0 0 -  I 93824992251369 64
0 0 3 L 140737488337976 8
0 0 0 L 93824992396448 4
0 0 0 L 140737488338224 8
0 0 2 L 93824992409084 4
0 0 -  I 93824992251393 64
0 0 3 L 93824992409084 4
0 0 4 S 93824992409084 4
0 0 -  I 93824992251401 64
0 0 -  I 93824992251414 64
0 0 9 S 93824992413916 4
0 0 -  I 93824992251369 64
0 0 3 L 140737488337976 8
0 0 0 L 93824992396452 4
0 0 0 L 140737488338224 8
0 0 2 L 93824992409088 4
0 0 -  I 93824992251393 64
0 0 3 L 93824992409088 4
0 0 4 S 93824992409088 4
0 0 -  I 93824992251401 64
0 0 -  I 93824992251414 64
0 0 9 S 93824992413920 4
0 0 -  I 93824992251369 64
0 0 3 L 140737488337976 8
0 0 0 L 93824992396456 4
0 0 0 L 140737488338224 8
0 0 2 L 93824992409092 4
0 0 -  I 93824992251393 64
0 0 3 L 93824992409092 4
0 0 4 S 93824992409092 4
0 0 -  I 93824992251401 64
0 0 -  I 93824992251414 64
0 0 9 S 93824992413924 4
0 0 -  I 93824992251369 64
0 0 3 L 140737488337976 8
0 0 0 L 93824992396460 4
0 0 0 L 140737488338224 8
0 0 2 L 93824992409096 4
0 0 -  I 93824992251393 64
0 0 3 L 93824992409096 4
0 0 4 S 93824992409096 4
0 0 -  I 93824992251401 64
0 0 -  I 93824992251414 64
0 0 9 S 93824992413928 4
0 0 -  I 93824992251442 64
0 0 -  I 93824992251369 64
0 0 0 L 140737488337976 8
0 0 0 L 93824992397728 4
0 0 0 L 140737488338224 8
0 0 2 L 93824992409208 4
0 0 -  I 93824992251360 64
0 0 -  I 93824992251369 64
0 0 3 L 140737488337976 8
0 0 0 L 93824992397732 4
0 0 0 L 140737488338224 8
0 0 2 L 93824992409212 4
0 0 -  I 93824992251360 64
0 0 -  I 93824992251369 64
0 0 3 L 140737488337976 8
0 0 0 L 93824992397736 4
0 0 0 L 140737488338224 8
0 0 2 L 93824992409316 4
0 0 -  I 93824992251360 64
0 0 -  I 93824992251369 64
0 0 3 L 140737488337976 8
0 0 0 L 93824992397740 4
0 0 0 L 140737488338224 8
0 0 2 L 93824992409324 4
0 0 -  I 93824992251360 64
0 0 -  I 93824992251442 64
0 0 -  I 93824992251369 64
0 0 0 L 140737488337976 8
0 0 0 L 93824992396972 4
0 0 0 L 140737488338224 8
0 0 2 L 93824992409040 4
0 0 -  I 93824992251393 64
0 0 3 L 93824992409040 4
0 0 4 S 93824992409040 4
0 0 -  I 93824992251401 64
0 0 -  I 93824992251414 64
0 0 9 S 93824992413904 4
0 0 -  I 93824992251369 64
0 0 3 L 140737488337976 8
0 0 0 L 93824992396976 4
0 0 0 L 140737488338224 8
0 0 2 L 93824992409168 4
0 0 -  I 93824992251393 64
0 0 3 L 93824992409168 4
0 0 4 S 93824992409168 4
0 0 -  I 93824992251401 64
0 0 -  I 93824992251414 64
0 0 9 S 93824992413908 4
0 0 -  I 93824992251369 64
0 0 3 L 140737488337976 8
0 0 0 L 93824992396980 4
0 0 0 L 140737488338224 8
0 0 2 L 93824992409196 4
0 0 -  I 93824992251393 64
0 0 3 L 93824992409196 4
0 0 4 S 93824992409196 4
0 0 -  I 93824992251401 64
0 0 -  I 93824992251414 64
0 0 9 S 93824992413912 4
0 0 -  I 93824992251369 64
0 0 3 L 140737488337976 8
0 0 0 L 93824992396984 4
0 0 0 L 140737488338224 8
0 0 2 L 93824992409200 4
0 0 -  I 93824992251393 64
0 0 3 L 93824992409200 4
0 0 4 S 93824992409200 4
0 0 -  I 93824992251401 64
0 0 -  I 93824992251414 64
0 0 9 S 93824992413916 4
0 0 -  I 93824992251369 64
0 0 3 L 140737488337976 8
0 0 0 L 93824992396988 4
0 0 0 L 140737488338224 8
0 0 2 L 93824992409204 4
0 0 -  I 93824992251393 64
0 0 3 L 93824992409204 4
0 0 4 S 93824992409204 4
0 0 -  I 93824992251401 64
0 0 -  I 93824992251414 64
0 0 9 S 93824992413920 4
0 0 -  I 93824992251442 64
0 0 -  I 93824992251369 64
0 0 0 L 140737488337976 8
0 0 0 L 93824992396692 4
0 0 0 L 140737488338224 8
0 0 2 L 93824992409080 4
0 0 -  I 93824992251360 64
0 0 -  I 93824992251369 64
0 0 3 L 140737488337976 8
0 0 0 L 93824992396696 4
0 0 0 L 140737488338224 8
0 0 2 L 93824992409084 4
0 0 -  I 93824992251360 64
0 0 -  I 93824992251369 64
0 0 3 L 140737488337976 8
0 0 0 L 93824992396700 4
0 0 0 L 140737488338224 8
0 0 2 L 93824992409120 4
0 0 -  I 93824992251360 64
0 0 -  I 93824992251369 64
0 0 3 L 140737488337976 8
0 0 0 L 93824992396704 4
0 0 0 L 140737488338224 8
0 0 2 L 93824992409244 4
0 0 -  I 93824992251360 64
0 0 -  I 93824992251442 64
0 0 -  I 93824992251369 64
0 0 0 L 140737488337976 8
0 0 0 L 93824992397408 4
0 0 0 L 140737488338224 8
0 0 2 L 93824992409116 4
0 0 -  I 93824992251360 64
0 0 -  I 93824992251369 64
0 0 3 L 140737488337976 8
0 0 0 L 93824992397412 4
0 0 0 L 140737488338224 8
0 0 2 L 93824992409120 4
0 0 -  I 93824992251360 64
0 0 -  I 93824992251369 64
0 0 3 L 140737488337976 8
0 0 0 L 93824992397416 4
0 0 0 L 140737488338224 8
0 0 2 L 93824992409124 4
0 0 -  I 93824992251360 64
0 0 -  I 93824992251369 64
0 0 3 L 140737488337976 8
0 0 0 L 93824992397420 4
0 0 0 L 140737488338224 8
0 0 2 L 93824992409240 4
0 0 -  I 93824992251360 64
0 0 -  I 93824992251369 64
0 0 3 L 140737488337976 8
0 0 0 L 93824992397424 4
0 0 0 L 140737488338224 8
0 0 2 L 93824992409248 4
0 0 -  I 93824992251360 64
0 0 -  I 93824992251442 64
0 0 -  I 93824992251369 64
0 0 0 L 140737488337976 8
0 0 0 L 93824992397556 4
0 0 0 L 140737488338224 8
0 0 2 L 93824992409188 4
0 0 -  I 93824992251393 64
0 0 3 L 93824992409188 4
0 0 4 S 93824992409188 4
0 0 -  I 93824992251401 64
0 0 -  I 93824992251414 64
0 0 9 S 93824992413904 4
0 0 -  I 93824992251369 64
0 0 3 L 140737488337976 8
0 0 0 L 93824992397560 4
0 0 0 L 140737488338224 8
0 0 2 L 93824992409192 4
0 0 -  I 93824992251393 64
0 0 3 L 93824992409192 4
0 0 4 S 93824992409192 4
0 0 -  I 93824992251401 64
0 0 -  I 93824992251414 64
0 0 9 S 93824992413908 4
0 0 -  I 93824992251369 64
0 0 3 L 140737488337976 8
0 0 0 L 93824992397564 4
0 0 0 L 140737488338224 8
0 0 2 L 93824992409232 4
0 0 -  I 93824992251393 64
0 0 3 L 93824992409232 4
0 0 4 S 93824992409232 4
0 0 -  I 93824992251401 64
0 0 -  I 93824992251414 64
0 0 9 S 93824992413912 4
0 0 -  I 93824992251369 64
0 0 3 L 140737488337976 8
0 0 0 L 93824992397568 4
0 0 0 L 140737488338224 8
0 0 2 L 93824992409236 4
0 0 -  I 93824992251393 64
0 0 3 L 93824992409236 4
0 0 4 S 93824992409236 4
0 0 -  I 93824992251401 64
0 0 -  I 93824992251414 64
0 0 9 S 93824992413916 4
0 0 -  I 93824992251369 64
0 0 3 L 140737488337976 8
0 0 0 L 93824992397572 4
0 0 0 L 140737488338224 8
0 0 2 L 93824992409276 4
0 0 -  I 93824992251393 64
0 0 3 L 93824992409276 4
0 0 4 S 93824992409276 4
0 0 -  I 93824992251401 64
0 0 -  I 93824992251414 64
0 0 9 S 93824992413920 4
0 0 -  I 93824992251369 64
0 0 3 L 140737488337976 8
0 0 0 L 93824992397576 4
0 0 0 L 140737488338224 8
0 0 2 L 93824992409284 4
0 0 -  I 93824992251393 64
0 0 3 L 93824992409284 4
0 0 4 S 93824992409284 4
0 0 -  I 93824992251401 64
0 0 -  I 93824992251414 64
0 0 9 S 93824992413924 4
0 0 -  I 93824992251442 64
0 0 -  I 93824992251369 64
0 0 0 L 140737488337976 8
0 0 0 L 93824992396084 4
0 0 0 L 140737488338224 8
0 0 2 L 93824992409004 4
0 0 -  I 93824992251360 64
0 0 -  I 93824992251369 64
0 0 3 L 140737488337976 8
0 0 0 L 93824992396088 4
0 0 0 L 140737488338224 8
0 0 2 L 93824992409036 4
0 0 -  I 93824992251360 64
0 0 -  I 93824992251369 64
0 0 3 L 140737488337976 8
0 0 0 L 93824992396092 4
0 0 0 L 140737488338224 8
0 0 2 L 93824992409080 4
0 0 -  I 93824992251360 64
0 0 -  I 93824992251442 64
0 0 -  I 93824992251369 64
0 0 0 L 140737488337976 8
0 0 0 L 93824992396296 4
0 0 0 L 140737488338224 8
0 0 2 L 93824992409016 4
0 0 -  I 93824992251393 64
0 0 3 L 93824992409016 4
0 0 4 S 93824992409016 4
0 0 -  I 93824992251401 64
0 0 -  I 93824992251414 64
0 0 9 S 93824992413904 4
0 0 -  I 93824992251369 64
0 0 3 L 140737488337976 8
0 0 0 L 93824992396300 4
0 0 0 L 140737488338224 8
0 0 2 L 93824992409044 4
0 0 -  I 93824992251393 64
0 0 3 L 93824992409044 4
0 0 4 S 93824992409044 4
0 0 -  I 93824992251401 64
0 0 -  I 93824992251414 64
0 0 9 S 93824992413908 4
0 0 -  I 93824992251369 64
0 0 3 L 140737488337976 8
0 0 0 L 93824992396304 4
0 0 0 L 140737488338224 8
0 0 2 L 93824992409052 4
0 0 -  I 93824992251393 64
0 0 3 L 93824992409052 4
0 0 4 S 93824992409052 4
0 0 -  I 93824992251401 64
0 0 -  I 93824992251414 64
0 0 9 S 93824992413912 4
0 0 -  I 93824992251369 64
0 0 3 L 140737488337976 8
0 0 0 L 93824992396308 4
0 0 0 L 140737488338224 8
0 0 2 L 93824992409056 4
0 0 -  I 93824992251393 64
0 0 3 L 93824992409056 4
0 0 4 S 93824992409056 4
0 0 -  I 93824992251401 64
0 0 -  I 93824992251414 64
0 0 9 S 93824992413916 4
0 0 -  I 93824992251369 64
0 0 3 L 140737488337976 8
0 0 0 L 93824992396312 4
0 0 0 L 140737488338224 8
0 0 2 L 93824992409112 4
0 0 -  I 93824992251393 64
0 0 3 L 93824992409112 4
0 0 4 S 93824992409112 4
0 0 -  I 93824992251401 64
0 0 -  I 93824992251414 64
0 0 9 S 93824992413920 4
0 0 -  I 93824992251369 64
0 0 3 L 140737488337976 8
0 0 0 L 93824992396316 4
0 0 0 L 140737488338224 8
0 0 2 L 93824992409176 4
0 0 -  I 93824992251393 64
0 0 3 L 93824992409176 4
0 0 4 S 93824992409176 4
0 0 -  I 93824992251401 64
0 0 -  I 93824992251414 64
0 0 9 S 93824992413924 4
0 0 -  I 93824992251369 64
0 0 3 L 140737488337976 8
0 0 0 L 93824992396320 4
0 0 0 L 140737488338224 8
0 0 2 L 93824992409180 4
0 0 -  I 93824992251393 64
0 0 3 L 93824992409180 4
0 0 4 S 93824992409180 4
0 0 -  I 93824992251401 64
0 0 -  I 93824992251414 64
0 0 9 S 93824992413928 4
0 0 -  I 93824992251442 64
6 0 -  I 93824992251369 64
6 0 0 L 140737488337976 8
6 0 0 L 93824992397408 4
6 0 0 L 140737488338224 8
6 0 2 L 93824992409116 4
6 0 -  I 93824992251360 64
6 0 -  I 93824992251369 64
6 0 3 L 140737488337976 8
6 0 0 L 93824992397412 4
6 0 0 L 140737488338224 8
6 0 2 L 93824992409120 4
6 0 -  I 93824992251360 64
6 0 -  I 93824992251369 64
6 0 3 L 140737488337976 8
6 0 0 L 93824992397416 4
6 0 0 L 140737488338224 8
6 0 2 L 93824992409124 4
6 0 -  I 93824992251360 64
6 0 -  I 93824992251369 64
6 0 3 L 140737488337976 8
6 0 0 L 93824992397420 4
6 0 0 L 140737488338224 8
6 0 2 L 93824992409240 4
6 0 -  I 93824992251360 64
6 0 -  I 93824992251369 64
6 0 3 L 140737488337976 8
6 0 0 L 93824992397424 4
6 0 0 L 140737488338224 8
6 0 2 L 93824992409248 4
6 0 -  I 93824992251360 64
6 0 -  I 93824992251442 64
0 0 -  I 93824992251369 64
0 0 0 L 140737488337976 8
0 0 0 L 93824992397628 4
0 0 0 L 140737488338224 8
0 0 2 L 93824992409292 4
0 0 -  I 93824992251360 64
0 0 -  I 93824992251369 64
0 0 3 L 140737488337976 8
0 0 0 L 93824992397632 4
0 0 0 L 140737488338224 8
0 0 2 L 93824992409300 4
0 0 -  I 93824992251360 64
0 0 -  I 93824992251442 64
8 0 -  I 93824992251369 64
8 0 0 L 140737488337976 8
8 0 0 L 93824992397672 4
8 0 0 L 140737488338224 8
8 0 2 L 93824992409216 4
8 0 -  I 93824992251393 64
8 0 3 L 93824992409216 4
8 0 4 S 93824992409216 4
8 0 -  I 93824992251401 64
8 0 -  I 93824992251414 64
8 0 9 S 140736414616352 4
8 0 -  I 93824992251369 64
8 0 3 L 140737488337976 8
8 0 0 L 93824992397676 4
8 0 0 L 140737488338224 8
8 0 2 L 93824992409220 4
8 0 -  I 93824992251360 64
8 0 -  I 93824992251369 64
8 0 3 L 140737488337976 8
8 0 0 L 93824992397680 4
8 0 0 L 140737488338224 8
8 0 2 L 93824992409224 4
8 0 -  I 93824992251360 64
8 0 -  I 93824992251369 64
8 0 3 L 140737488337976 8
8 0 0 L 93824992397684 4
8 0 0 L 140737488338224 8
8 0 2 L 93824992409304 4
8 0 -  I 93824992251360 64
8 0 -  I 93824992251369 64
8 0 3 L 140737488337976 8
8 0 0 L 93824992397688 4
8 0 0 L 140737488338224 8
8 0 2 L 93824992409312 4
8 0 -  I 93824992251393 64
8 0 3 L 93824992409312 4
8 0 4 S 93824992409312 4
8 0 -  I 93824992251401 64
8 0 -  I 93824992251414 64
8 0 9 S 140736414616356 4
8 0 -  I 93824992251442 64
8 0 -  I 93824992251369 64
8 0 0 L 140737488337976 8
8 0 0 L 93824992397408 4
8 0 0 L 140737488338224 8
8 0 2 L 93824992409116 4
8 0 -  I 93824992251360 64
8 0 -  I 93824992251369 64
8 0 3 L 140737488337976 8
8 0 0 L 93824992397412 4
8 0 0 L 140737488338224 8
8 0 2 L 93824992409120 4
8 0 -  I 93824992251360 64
8 0 -  I 93824992251369 64
8 0 3 L 140737488337976 8
8 0 0 L 93824992397416 4
8 0 0 L 140737488338224 8
8 0 2 L 93824992409124 4
8 0 -  I 93824992251360 64
8 0 -  I 93824992251369 64
8 0 3 L 140737488337976 8
8 0 0 L 93824992397420 4
8 0 0 L 140737488338224 8
8 0 2 L 93824992409240 4
8 0 -  I 93824992251393 64
8 0 3 L 93824992409240 4
8 0 4 S 93824992409240 4
8 0 -  I 93824992251401 64
8 0 -  I 93824992251414 64
8 0 9 S 93824992413904 4
8 0 -  I 93824992251369 64
8 0 3 L 140737488337976 8
8 0 0 L 93824992397424 4
8 0 0 L 140737488338224 8
8 0 2 L 93824992409248 4
8 0 -  I 93824992251360 64
8 0 -  I 93824992251442 64
0 0 -  I 93824992251369 64
0 0 0 L 140737488337976 8
0 0 0 L 93824992397400 4
0 0 0 L 140737488338224 8
0 0 2 L 93824992409120 4
0 0 -  I 93824992251360 64
0 0 -  I 93824992251369 64
0 0 3 L 140737488337976 8
0 0 0 L 93824992397404 4
0 0 0 L 140737488338224 8
0 0 2 L 93824992409244 4
0 0 -  I 93824992251360 64
0 0 -  I 93824992251442 64
0 0 -  I 93824992251369 64
0 0 0 L 140737488337976 8
0 0 0 L 93824992397484 4
0 0 0 L 140737488338224 8
0 0 2 L 93824992409140 4
0 0 -  I 93824992251393 64
0 0 3 L 93824992409140 4
0 0 4 S 93824992409140 4
0 0 -  I 93824992251401 64
0 0 -  I 93824992251414 64
0 0 9 S 93824992413904 4
0 0 -  I 93824992251369 64
0 0 3 L 140737488337976 8
0 0 0 L 93824992397488 4
0 0 0 L 140737488338224 8
0 0 2 L 93824992409144 4
0 0 -  I 93824992251393 64
0 0 3 L 93824992409144 4
0 0 4 S 93824992409144 4
0 0 -  I 93824992251401 64
0 0 -  I 93824992251414 64
0 0 9 S 93824992413908 4
0 0 -  I 93824992251369 64
0 0 3 L 140737488337976 8
0 0 0 L 93824992397492 4
0 0 0 L 140737488338224 8
0 0 2 L 93824992409256 4
0 0 -  I 93824992251393 64
0 0 3 L 93824992409256 4
0 0 4 S 93824992409256 4
0 0 -  I 93824992251401 64
0 0 -  I 93824992251414 64
0 0 9 S 93824992413912 4
0 0 -  I 93824992251369 64
0 0 3 L 140737488337976 8
0 0 0 L 93824992397496 4
0 0 0 L 140737488338224 8
0 0 2 L 93824992409260 4
0 0 -  I 93824992251393 64
0 0 3 L 93824992409260 4
0 0 4 S 93824992409260 4
0 0 -  I 93824992251401 64
0 0 -  I 93824992251414 64
0 0 9 S 93824992413916 4
0 0 -  I 93824992251369 64
0 0 3 L 140737488337976 8
0 0 0 L 93824992397500 4
0 0 0 L 140737488338224 8
0 0 2 L 93824992409268 4
0 0 -  I 93824992251393 64
0 0 3 L 93824992409268 4
0 0 4 S 93824992409268 4
0 0 -  I 93824992251401 64
0 0 -  I 93824992251414 64
0 0 9 S 93824992413920 4
0 0 -  I 93824992251442 64
0 0 -  I 93824992251369 64
0 0 0 L 140737488337976 8
0 0 0 L 93824992396820 4
0 0 0 L 140737488338224 8
0 0 2 L 93824992409128 4
0 0 -  I 93824992251393 64
0 0 3 L 93824992409128 4
0 0 4 S 93824992409128 4
0 0 -  I 93824992251401 64
0 0 -  I 93824992251414 64
0 0 9 S 93824992413904 4
0 0 -  I 93824992251369 64
0 0 3 L 140737488337976 8
0 0 0 L 93824992396824 4
0 0 0 L 140737488338224 8
0 0 2 L 93824992409132 4
0 0 -  I 93824992251393 64
0 0 3 L 93824992409132 4
0 0 4 S 93824992409132 4
0 0 -  I 93824992251401 64
0 0 -  I 93824992251414 64
0 0 9 S 93824992413908 4
0 0 -  I 93824992251369 64
0 0 3 L 140737488337976 8
0 0 0 L 93824992396828 4
0 0 0 L 140737488338224 8
0 0 2 L 93824992409136 4
0 0 -  I 93824992251360 64
0 0 -  I 93824992251369 64
0 0 3 L 140737488337976 8
0 0 0 L 93824992396832 4
0 0 0 L 140737488338224 8
0 0 2 L 93824992409144 4
0 0 -  I 93824992251360 64
0 0 -  I 93824992251369 64
0 0 3 L 140737488337976 8
0 0 0 L 93824992396836 4
0 0 0 L 140737488338224 8
0 0 2 L 93824992409252 4
0 0 -  I 93824992251360 64
0 0 -  I 93824992251369 64
0 0 3 L 140737488337976 8
0 0 0 L 93824992396840 4
0 0 0 L 140737488338224 8
0 0 2 L 93824992409256 4
0 0 -  I 93824992251360 64
0 0 -  I 93824992251369 64
0 0 3 L 140737488337976 8
0 0 0 L 93824992396844 4
0 0 0 L 140737488338224 8
0 0 2 L 93824992409264 4
0 0 -  I 93824992251360 64
0 0 -  I 93824992251442 64
5 0 -  I 93824992251369 64
5 0 0 L 140737488337976 8
5 0 0 L 93824992396164 4
5 0 0 L 140737488338224 8
5 0 2 L 93824992408996 4
5 0 -  I 93824992251393 64
5 0 3 L 93824992408996 4
5 0 4 S 93824992408996 4
5 0 -  I 93824992251401 64
5 0 -  I 93824992251414 64
5 0 9 S 93824992413904 4
5 0 -  I 93824992251369 64
5 0 3 L 140737488337976 8
5 0 0 L 93824992396168 4
5 0 0 L 140737488338224 8
5 0 2 L 93824992409020 4
5 0 -  I 93824992251393 64
5 0 3 L 93824992409020 4
5 0 4 S 93824992409020 4
5 0 -  I 93824992251401 64
5 0 -  I 93824992251414 64
5 0 9 S 93824992413908 4
5 0 -  I 93824992251369 64
5 0 3 L 140737488337976 8
5 0 0 L 93824992396172 4
5 0 0 L 140737488338224 8
5 0 2 L 93824992409028 4
5 0 -  I 93824992251393 64
5 0 3 L 93824992409028 4
5 0 4 S 93824992409028 4
5 0 -  I 93824992251401 64
5 0 -  I 93824992251414 64
5 0 9 S 93824992413912 4
5 0 -  I 93824992251369 64
5 0 3 L 140737488337976 8
5 0 0 L 93824992396176 4
5 0 0 L 140737488338224 8
5 0 2 L 93824992409032 4
5 0 -  I 93824992251393 64
5 0 3 L 93824992409032 4
5 0 4 S 93824992409032 4
5 0 -  I 93824992251401 64
5 0 -  I 93824992251414 64
5 0 9 S 93824992413916 4
5 0 -  I 93824992251369 64
5 0 3 L 140737488337976 8
5 0 0 L 93824992396180 4
5 0 0 L 140737488338224 8
5 0 2 L 93824992409060 4
5 0 -  I 93824992251393 64
5 0 3 L 93824992409060 4
5 0 4 S 93824992409060 4
5 0 -  I 93824992251401 64
5 0 -  I 93824992251414 64
5 0 9 S 93824992413920 4
5 0 -  I 93824992251369 64
5 0 3 L 140737488337976 8
5 0 0 L 93824992396184 4
5 0 0 L 140737488338224 8
5 0 2 L 93824992409064 4
5 0 -  I 93824992251393 64
5 0 3 L 93824992409064 4
5 0 4 S 93824992409064 4
5 0 -  I 93824992251401 64
5 0 -  I 93824992251414 64
5 0 9 S 93824992413924 4
5 0 -  I 93824992251369 64
5 0 3 L 140737488337976 8
5 0 0 L 93824992396188 4
5 0 0 L 140737488338224 8
5 0 2 L 93824992409068 4
5 0 -  I 93824992251393 64
5 0 3 L 93824992409068 4
5 0 4 S 93824992409068 4
5 0 -  I 93824992251401 64
5 0 -  I 93824992251414 64
5 0 9 S 93824992413928 4
5 0 -  I 93824992251442 64
6 0 -  I 93824992251369 64
6 0 0 L 140737488337976 8
6 0 0 L 93824992397744 4
6 0 0 L 140737488338224 8
6 0 2 L 93824992409208 4
6 0 -  I 93824992251360 64
6 0 -  I 93824992251369 64
6 0 3 L 140737488337976 8
6 0 0 L 93824992397748 4
6 0 0 L 140737488338224 8
6 0 2 L 93824992409320 4
6 0 -  I 93824992251360 64
6 0 -  I 93824992251369 64
6 0 3 L 140737488337976 8
6 0 0 L 93824992397752 4
6 0 0 L 140737488338224 8
6 0 2 L 93824992409328 4
6 0 -  I 93824992251360 64
6 0 -  I 93824992251442 64
6 0 -  I 93824992251369 64
6 0 0 L 140737488337976 8
6 0 0 L 93824992397476 4
6 0 0 L 140737488338224 8
6 0 2 L 93824992409256 4
6 0 -  I 93824992251393 64
6 0 3 L 93824992409256 4
6 0 4 S 93824992409256 4
6 0 -  I 93824992251401 64
6 0 -  I 93824992251414 64
6 0 9 S 93824992413904 4
6 0 -  I 93824992251369 64
6 0 3 L 140737488337976 8
6 0 0 L 93824992397480 4
6 0 0 L 140737488338224 8
6 0 2 L 93824992409264 4
6 0 -  I 93824992251393 64
6 0 3 L 93824992409264 4
6 0 4 S 93824992409264 4
6 0 -  I 93824992251401 64
6 0 -  I 93824992251414 64
6 0 9 S 93824992413908 4
6 0 -  I 93824992251442 64
0 0 -  I 93824992251369 64
0 0 0 L 140737488337976 8
0 0 0 L 93824992397460 4
0 0 0 L 140737488338224 8
0 0 2 L 93824992409140 4
0 0 -  I 93824992251360 64
0 0 -  I 93824992251369 64
0 0 3 L 140737488337976 8
0 0 0 L 93824992397464 4
0 0 0 L 140737488338224 8
0 0 2 L 93824992409252 4
0 0 -  I 93824992251393 64
0 0 3 L 93824992409252 4
0 0 4 S 93824992409252 4
0 0 -  I 93824992251401 64
0 0 -  I 93824992251414 64
0 0 9 S 93824992413904 4
0 0 -  I 93824992251369 64
0 0 3 L 140737488337976 8
0 0 0 L 93824992397468 4
0 0 0 L 140737488338224 8
0 0 2 L 93824992409260 4
0 0 -  I 93824992251360 64
0 0 -  I 93824992251369 64
0 0 3 L 140737488337976 8
0 0 0 L 93824992397472 4
0 0 0 L 140737488338224 8
0 0 2 L 93824992409264 4
0 0 -  I 93824992251360 64
0 0 -  I 93824992251442 64
0 0 -  I 93824992251369 64
0 0 0 L 140737488337976 8
0 0 0 L 93824992397444 4
0 0 0 L 140737488338224 8
0 0 2 L 93824992409128 4
0 0 -  I 93824992251393 64
0 0 3 L 93824992409128 4
0 0 4 S 93824992409128 4
0 0 -  I 93824992251401 64
0 0 -  I 93824992251414 64
0 0 9 S 93824992413904 4
0 0 -  I 93824992251369 64
0 0 3 L 140737488337976 8
0 0 0 L 93824992397448 4
0 0 0 L 140737488338224 8
0 0 2 L 93824992409140 4
0 0 -  I 93824992251360 64
0 0 -  I 93824992251369 64
0 0 3 L 140737488337976 8
0 0 0 L 93824992397452 4
0 0 0 L 140737488338224 8
0 0 2 L 93824992409248 4
0 0 -  I 93824992251393 64
0 0 3 L 93824992409248 4
0 0 4 S 93824992409248 4
0 0 -  I 93824992251401 64
0 0 -  I 93824992251414 64
0 0 9 S 93824992413908 4
0 0 -  I 93824992251369 64
0 0 3 L 140737488337976 8
0 0 0 L 93824992397456 4
0 0 0 L 140737488338224 8
0 0 2 L 93824992409256 4
0 0 -  I 93824992251360 64
0 0 -  I 93824992251442 64
0 0 -  I 93824992251369 64
0 0 0 L 140737488337976 8
0 0 0 L 93824992397172 4
0 0 0 L 140737488338224 8
0 0 2 L 93824992409164 4
0 0 -  I 93824992251360 64
0 0 -  I 93824992251369 64
0 0 3 L 140737488337976 8
0 0 0 L 93824992397176 4
0 0 0 L 140737488338224 8
0 0 2 L 93824992409204 4
0 0 -  I 93824992251360 64
0 0 -  I 93824992251369 64
0 0 3 L 140737488337976 8
0 0 0 L 93824992397180 4
0 0 0 L 140737488338224 8
0 0 2 L 93824992409208 4
0 0 -  I 93824992251393 64
0 0 3 L 93824992409208 4
0 0 4 S 93824992409208 4
0 0 -  I 93824992251401 64
0 0 -  I 93824992251414 64
0 0 9 S 93824992413904 4
0 0 -  I 93824992251369 64
0 0 3 L 140737488337976 8
0 0 0 L 93824992397184 4
0 0 0 L 140737488338224 8
0 0 2 L 93824992409328 4
0 0 -  I 93824992251393 64
0 0 3 L 93824992409328 4
0 0 4 S 93824992409328 4
0 0 -  I 93824992251401 64
0 0 -  I 93824992251414 64
0 0 9 S 93824992413908 4
0 0 -  I 93824992251442 64
0 0 -  I 93824992251369 64
0 0 0 L 140737488337976 8
0 0 0 L 93824992397212 4
0 0 0 L 140737488338224 8
0 0 2 L 93824992409200 4
0 0 -  I 93824992251360 64
0 0 -  I 93824992251369 64
0 0 3 L 140737488337976 8
0 0 0 L 93824992397216 4
0 0 0 L 140737488338224 8
0 0 2 L 93824992409204 4
0 0 -  I 93824992251360 64
0 0 -  I 93824992251369 64
0 0 3 L 140737488337976 8
0 0 0 L 93824992397220 4
0 0 0 L 140737488338224 8
0 0 2 L 93824992409212 4
0 0 -  I 93824992251360 64
0 0 -  I 93824992251369 64
0 0 3 L 140737488337976 8
0 0 0 L 93824992397224 4
0 0 0 L 140737488338224 8
0 0 2 L 93824992409320 4
0 0 -  I 93824992251393 64
0 0 3 L 93824992409320 4
0 0 4 S 93824992409320 4
0 0 -  I 93824992251401 64
0 0 -  I 93824992251414 64
0 0 9 S 93824992413904 4
0 0 -  I 93824992251369 64
0 0 3 L 140737488337976 8
0 0 0 L 93824992397228 4
0 0 0 L 140737488338224 8
0 0 2 L 93824992409324 4
0 0 -  I 93824992251393 64
0 0 3 L 93824992409324 4
0 0 4 S 93824992409324 4
0 0 -  I 93824992251401 64
0 0 -  I 93824992251414 64
0 0 9 S 93824992413908 4
0 0 -  I 93824992251369 64
0 0 3 L 140737488337976 8
0 0 0 L 93824992397232 4
0 0 0 L 140737488338224 8
0 0 2 L 93824992409328 4
0 0 -  I 93824992251360 64
0 0 -  I 93824992251442 64
0 0 -  I 93824992251369 64
0 0 0 L 140737488337976 8
0 0 0 L 93824992397728 4
0 0 0 L 140737488338224 8
0 0 2 L 93824992409208 4
0 0 -  I 93824992251360 64
0 0 -  I 93824992251369 64
0 0 3 L 140737488337976 8
0 0 0 L 93824992397732 4
0 0 0 L 140737488338224 8
0 0 2 L 93824992409212 4
0 0 -  I 93824992251360 64
0 0 -  I 93824992251369 64
0 0 3 L 140737488337976 8
0 0 0 L 93824992397736 4
0 0 0 L 140737488338224 8
0 0 2 L 93824992409316 4
0 0 -  I 93824992251360 64
0 0 -  I 93824992251369 64
0 0 3 L 140737488337976 8
0 0 0 L 93824992397740 4
0 0 0 L 140737488338224 8
0 0 2 L 93824992409324 4
0 0 -  I 93824992251360 64
0 0 -  I 93824992251442 64
