7 15 -  I 93824992251369 64
7 15 0 L 140737488337976 8
7 15 0 L 93824992396140 4
7 15 0 L 140737488338224 8
7 15 2 L 93824992413344 4
7 15 -  I 93824992251360 64
7 15 -  I 93824992251369 64
7 15 3 L 140737488337976 8
7 15 0 L 93824992396144 4
7 15 0 L 140737488338224 8
7 15 2 L 93824992413348 4
7 15 -  I 93824992251360 64
7 15 -  I 93824992251369 64
7 15 3 L 140737488337976 8
7 15 0 L 93824992396148 4
7 15 0 L 140737488338224 8
7 15 2 L 93824992413368 4
7 15 -  I 93824992251393 64
7 15 3 L 93824992413368 4
7 15 4 S 93824992413368 4
7 15 -  I 93824992251401 64
7 15 -  I 93824992251414 64
7 15 9 S 140736347507488 4
7 15 -  I 93824992251369 64
7 15 3 L 140737488337976 8
7 15 0 L 93824992396152 4
7 15 0 L 140737488338224 8
7 15 2 L 93824992413376 4
7 15 -  I 93824992251360 64
7 15 -  I 93824992251369 64
7 15 3 L 140737488337976 8
7 15 0 L 93824992396156 4
7 15 0 L 140737488338224 8
7 15 2 L 93824992413404 4
7 15 -  I 93824992251393 64
7 15 3 L 93824992413404 4
7 15 4 S 93824992413404 4
7 15 -  I 93824992251401 64
7 15 -  I 93824992251414 64
7 15 9 S 140736347507492 4
7 15 -  I 93824992251369 64
7 15 3 L 140737488337976 8
7 15 0 L 93824992396160 4
7 15 0 L 140737488338224 8
7 15 2 L 93824992413412 4
7 15 -  I 93824992251393 64
7 15 3 L 93824992413412 4
7 15 4 S 93824992413412 4
7 15 -  I 93824992251401 64
7 15 -  I 93824992251414 64
7 15 9 S 140736347507496 4
7 15 -  I 93824992251442 64
7 15 -  I 93824992251369 64
7 15 0 L 140737488337976 8
7 15 0 L 93824992397152 4
7 15 0 L 140737488338224 8
7 15 2 L 93824992413516 4
7 15 -  I 93824992251360 64
7 15 -  I 93824992251369 64
7 15 3 L 140737488337976 8
7 15 0 L 93824992397156 4
7 15 0 L 140737488338224 8
7 15 2 L 93824992413520 4
7 15 -  I 93824992251360 64
7 15 -  I 93824992251369 64
7 15 3 L 140737488337976 8
7 15 0 L 93824992397160 4
7 15 0 L 140737488338224 8
7 15 2 L 93824992413556 4
7 15 -  I 93824992251360 64
7 15 -  I 93824992251369 64
7 15 3 L 140737488337976 8
7 15 0 L 93824992397164 4
7 15 0 L 140737488338224 8
7 15 2 L 93824992413568 4
7 15 -  I 93824992251393 64
7 15 3 L 93824992413568 4
7 15 4 S 93824992413568 4
7 15 -  I 93824992251401 64
7 15 -  I 93824992251414 64
7 15 9 S 140736347507488 4
7 15 -  I 93824992251369 64
7 15 3 L 140737488337976 8
7 15 0 L 93824992397168 4
7 15 0 L 140737488338224 8
7 15 2 L 93824992413664 4
7 15 -  I 93824992251360 64
7 15 -  I 93824992251442 64
7 15 -  I 93824992251369 64
7 15 0 L 140737488337976 8
7 15 0 L 93824992396708 4
7 15 0 L 140737488338224 8
7 15 2 L 93824992413436 4
7 15 -  I 93824992251360 64
7 15 -  I 93824992251369 64
7 15 3 L 140737488337976 8
7 15 0 L 93824992396712 4
7 15 0 L 140737488338224 8
7 15 2 L 93824992413468 4
7 15 -  I 93824992251360 64
7 15 -  I 93824992251369 64
7 15 3 L 140737488337976 8
7 15 0 L 93824992396716 4
7 15 0 L 140737488338224 8
7 15 2 L 93824992413476 4
7 15 -  I 93824992251360 64
7 15 -  I 93824992251369 64
7 15 3 L 140737488337976 8
7 15 0 L 93824992396720 4
7 15 0 L 140737488338224 8
7 15 2 L 93824992413592 4
7 15 -  I 93824992251393 64
7 15 3 L 93824992413592 4
7 15 4 S 93824992413592 4
7 15 -  I 93824992251401 64
7 15 -  I 93824992251414 64
7 15 9 S 140736347507488 4
7 15 -  I 93824992251369 64
7 15 3 L 140737488337976 8
7 15 0 L 93824992396724 4
7 15 0 L 140737488338224 8
7 15 2 L 93824992413596 4
7 15 -  I 93824992251360 64
7 15 -  I 93824992251442 64
4 15 -  I 93824992251369 64
4 15 0 L 140737488337976 8
4 15 0 L 93824992396692 4
4 15 0 L 140737488338224 8
4 15 2 L 93824992413432 4
4 15 -  I 93824992251360 64
4 15 -  I 93824992251369 64
4 15 3 L 140737488337976 8
4 15 0 L 93824992396696 4
4 15 0 L 140737488338224 8
4 15 2 L 93824992413436 4
4 15 -  I 93824992251360 64
4 15 -  I 93824992251369 64
4 15 3 L 140737488337976 8
4 15 0 L 93824992396700 4
4 15 0 L 140737488338224 8
4 15 2 L 93824992413472 4
4 15 -  I 93824992251360 64
4 15 -  I 93824992251369 64
4 15 3 L 140737488337976 8
4 15 0 L 93824992396704 4
4 15 0 L 140737488338224 8
4 15 2 L 93824992413596 4
4 15 -  I 93824992251360 64
4 15 -  I 93824992251442 64
4 15 -  I 93824992251369 64
4 15 0 L 140737488337976 8
4 15 0 L 93824992396052 4
4 15 0 L 140737488338224 8
4 15 2 L 93824992413348 4
4 15 -  I 93824992251360 64
4 15 -  I 93824992251369 64
4 15 3 L 140737488337976 8
4 15 0 L 93824992396056 4
4 15 0 L 140737488338224 8
4 15 2 L 93824992413356 4
4 15 -  I 93824992251360 64
4 15 -  I 93824992251369 64
4 15 3 L 140737488337976 8
4 15 0 L 93824992396060 4
4 15 0 L 140737488338224 8
4 15 2 L 93824992413380 4
4 15 -  I 93824992251360 64
4 15 -  I 93824992251442 64
