4 0 -  I 93824992251369 64
4 0 0 L 140737488337976 8
4 0 0 L 93824992397728 4
4 0 0 L 140737488338224 8
4 0 2 L 93824992407032 4
4 0 -  I 93824992251360 64
4 0 -  I 93824992251369 64
4 0 3 L 140737488337976 8
4 0 0 L 93824992397732 4
4 0 0 L 140737488338224 8
4 0 2 L 93824992407036 4
4 0 -  I 93824992251360 64
4 0 -  I 93824992251369 64
4 0 3 L 140737488337976 8
4 0 0 L 93824992397736 4
4 0 0 L 140737488338224 8
4 0 2 L 93824992407140 4
4 0 -  I 93824992251360 64
4 0 -  I 93824992251369 64
4 0 3 L 140737488337976 8
4 0 0 L 93824992397740 4
4 0 0 L 140737488338224 8
4 0 2 L 93824992407148 4
4 0 -  I 93824992251360 64
4 0 -  I 93824992251442 64
5 0 -  I 93824992251369 64
5 0 0 L 140737488337976 8
5 0 0 L 93824992397596 4
5 0 0 L 140737488338224 8
5 0 2 L 93824992407108 4
5 0 -  I 93824992251393 64
5 0 3 L 93824992407108 4
5 0 4 S 93824992407108 4
5 0 -  I 93824992251401 64
5 0 -  I 93824992251414 64
5 0 9 S 93824992411728 4
5 0 -  I 93824992251369 64
5 0 3 L 140737488337976 8
5 0 0 L 93824992397600 4
5 0 0 L 140737488338224 8
5 0 2 L 93824992407116 4
5 0 -  I 93824992251393 64
5 0 3 L 93824992407116 4
5 0 4 S 93824992407116 4
5 0 -  I 93824992251401 64
5 0 -  I 93824992251414 64
5 0 9 S 93824992411732 4
5 0 -  I 93824992251442 64
0 0 -  I 93824992251369 64
0 0 0 L 140737488337976 8
0 0 0 L 93824992397580 4
0 0 0 L 140737488338224 8
0 0 2 L 93824992407060 4
0 0 -  I 93824992251393 64
0 0 3 L 93824992407060 4
0 0 4 S 93824992407060 4
0 0 -  I 93824992251401 64
0 0 -  I 93824992251414 64
0 0 9 S 93824992411728 4
0 0 -  I 93824992251369 64
0 0 3 L 140737488337976 8
0 0 0 L 93824992397584 4
0 0 0 L 140737488338224 8
0 0 2 L 93824992407104 4
0 0 -  I 93824992251393 64
0 0 3 L 93824992407104 4
0 0 4 S 93824992407104 4
0 0 -  I 93824992251401 64
0 0 -  I 93824992251414 64
0 0 9 S 93824992411732 4
0 0 -  I 93824992251369 64
0 0 3 L 140737488337976 8
0 0 0 L 93824992397588 4
0 0 0 L 140737488338224 8
0 0 2 L 93824992407112 4
0 0 -  I 93824992251360 64
0 0 -  I 93824992251369 64
0 0 3 L 140737488337976 8
0 0 0 L 93824992397592 4
0 0 0 L 140737488338224 8
0 0 2 L 93824992407116 4
0 0 -  I 93824992251360 64
0 0 -  I 93824992251442 64
0 0 -  I 93824992251369 64
0 0 0 L 140737488337976 8
0 0 0 L 93824992397348 4
0 0 0 L 140737488338224 8
0 0 2 L 93824992407016 4
0 0 -  I 93824992251393 64
0 0 3 L 93824992407016 4
0 0 4 S 93824992407016 4
0 0 -  I 93824992251401 64
0 0 -  I 93824992251414 64
0 0 9 S 93824992411728 4
0 0 -  I 93824992251369 64
0 0 3 L 140737488337976 8
0 0 0 L 93824992397352 4
0 0 0 L 140737488338224 8
0 0 2 L 93824992407048 4
0 0 -  I 93824992251393 64
0 0 3 L 93824992407048 4
0 0 4 S 93824992407048 4
0 0 -  I 93824992251401 64
0 0 -  I 93824992251414 64
0 0 9 S 93824992411732 4
0 0 -  I 93824992251369 64
0 0 3 L 140737488337976 8
0 0 0 L 93824992397356 4
0 0 0 L 140737488338224 8
0 0 2 L 93824992407052 4
0 0 -  I 93824992251393 64
0 0 3 L 93824992407052 4
0 0 4 S 93824992407052 4
0 0 -  I 93824992251401 64
0 0 -  I 93824992251414 64
0 0 9 S 93824992411736 4
0 0 -  I 93824992251369 64
0 0 3 L 140737488337976 8
0 0 0 L 93824992397360 4
0 0 0 L 140737488338224 8
0 0 2 L 93824992407060 4
0 0 -  I 93824992251360 64
0 0 -  I 93824992251369 64
0 0 3 L 140737488337976 8
0 0 0 L 93824992397364 4
0 0 0 L 140737488338224 8
0 0 2 L 93824992407104 4
0 0 -  I 93824992251360 64
0 0 -  I 93824992251369 64
0 0 3 L 140737488337976 8
0 0 0 L 93824992397368 4
0 0 0 L 140737488338224 8
0 0 2 L 93824992407116 4
0 0 -  I 93824992251360 64
0 0 -  I 93824992251369 64
0 0 3 L 140737488337976 8
0 0 0 L 93824992397372 4
0 0 0 L 140737488338224 8
0 0 2 L 93824992407124 4
0 0 -  I 93824992251360 64
0 0 -  I 93824992251369 64
0 0 3 L 140737488337976 8
0 0 0 L 93824992397376 4
0 0 0 L 140737488338224 8
0 0 2 L 93824992407128 4
0 0 -  I 93824992251393 64
0 0 3 L 93824992407128 4
0 0 4 S 93824992407128 4
0 0 -  I 93824992251401 64
0 0 -  I 93824992251414 64
0 0 9 S 93824992411740 4
0 0 -  I 93824992251442 64
0 0 -  I 93824992251369 64
0 0 0 L 140737488337976 8
0 0 0 L 93824992397628 4
0 0 0 L 140737488338224 8
0 0 2 L 93824992407116 4
0 0 -  I 93824992251360 64
0 0 -  I 93824992251369 64
0 0 3 L 140737488337976 8
0 0 0 L 93824992397632 4
0 0 0 L 140737488338224 8
0 0 2 L 93824992407124 4
0 0 -  I 93824992251360 64
0 0 -  I 93824992251442 64
5 0 -  I 93824992251369 64
5 0 0 L 140737488337976 8
5 0 0 L 93824992397400 4
5 0 0 L 140737488338224 8
5 0 2 L 93824992406944 4
5 0 -  I 93824992251360 64
5 0 -  I 93824992251369 64
5 0 3 L 140737488337976 8
5 0 0 L 93824992397404 4
5 0 0 L 140737488338224 8
5 0 2 L 93824992407068 4
5 0 -  I 93824992251360 64
5 0 -  I 93824992251442 64
5 0 -  I 93824992251369 64
5 0 0 L 140737488337976 8
5 0 0 L 93824992396032 4
5 0 0 L 140737488338224 8
5 0 2 L 93824992406816 4
5 0 -  I 93824992251393 64
5 0 3 L 93824992406816 4
5 0 4 S 93824992406816 4
5 0 -  I 93824992251401 64
5 0 -  I 93824992251414 64
5 0 9 S 93824992411728 4
5 0 -  I 93824992251369 64
5 0 3 L 140737488337976 8
5 0 0 L 93824992396036 4
5 0 0 L 140737488338224 8
5 0 2 L 93824992406824 4
5 0 -  I 93824992251393 64
5 0 3 L 93824992406824 4
5 0 4 S 93824992406824 4
5 0 -  I 93824992251401 64
5 0 -  I 93824992251414 64
5 0 9 S 93824992411732 4
5 0 -  I 93824992251369 64
5 0 3 L 140737488337976 8
5 0 0 L 93824992396040 4
5 0 0 L 140737488338224 8
5 0 2 L 93824992406844 4
5 0 -  I 93824992251393 64
5 0 3 L 93824992406844 4
5 0 4 S 93824992406844 4
5 0 -  I 93824992251401 64
5 0 -  I 93824992251414 64
5 0 9 S 93824992411736 4
5 0 -  I 93824992251369 64
5 0 3 L 140737488337976 8
5 0 0 L 93824992396044 4
5 0 0 L 140737488338224 8
5 0 2 L 93824992406848 4
5 0 -  I 93824992251393 64
5 0 3 L 93824992406848 4
5 0 4 S 93824992406848 4
5 0 -  I 93824992251401 64
5 0 -  I 93824992251414 64
5 0 9 S 93824992411740 4
5 0 -  I 93824992251369 64
5 0 3 L 140737488337976 8
5 0 0 L 93824992396048 4
5 0 0 L 140737488338224 8
5 0 2 L 93824992406852 4
5 0 -  I 93824992251393 64
5 0 3 L 93824992406852 4
5 0 4 S 93824992406852 4
5 0 -  I 93824992251401 64
5 0 -  I 93824992251414 64
5 0 9 S 93824992411744 4
5 0 -  I 93824992251442 64
0 0 -  I 93824992251369 64
0 0 0 L 140737488337976 8
0 0 0 L 93824992396016 4
0 0 0 L 140737488338224 8
0 0 2 L 93824992406820 4
0 0 -  I 93824992251360 64
0 0 -  I 93824992251369 64
0 0 3 L 140737488337976 8
0 0 0 L 93824992396020 4
0 0 0 L 140737488338224 8
0 0 2 L 93824992406836 4
0 0 -  I 93824992251393 64
0 0 3 L 93824992406836 4
0 0 4 S 93824992406836 4
0 0 -  I 93824992251401 64
0 0 -  I 93824992251414 64
0 0 9 S 93824992411728 4
0 0 -  I 93824992251369 64
0 0 3 L 140737488337976 8
0 0 0 L 93824992396024 4
0 0 0 L 140737488338224 8
0 0 2 L 93824992406840 4
0 0 -  I 93824992251393 64
0 0 3 L 93824992406840 4
0 0 4 S 93824992406840 4
0 0 -  I 93824992251401 64
0 0 -  I 93824992251414 64
0 0 9 S 93824992411732 4
0 0 -  I 93824992251369 64
0 0 3 L 140737488337976 8
0 0 0 L 93824992396028 4
0 0 0 L 140737488338224 8
0 0 2 L 93824992406844 4
0 0 -  I 93824992251360 64
0 0 -  I 93824992251442 64
0 0 -  I 93824992251369 64
0 0 0 L 140737488337976 8
0 0 0 L 93824992396052 4
0 0 0 L 140737488338224 8
0 0 2 L 93824992406820 4
0 0 -  I 93824992251360 64
0 0 -  I 93824992251369 64
0 0 3 L 140737488337976 8
0 0 0 L 93824992396056 4
0 0 0 L 140737488338224 8
0 0 2 L 93824992406828 4
0 0 -  I 93824992251360 64
0 0 -  I 93824992251369 64
0 0 3 L 140737488337976 8
0 0 0 L 93824992396060 4
0 0 0 L 140737488338224 8
0 0 2 L 93824992406852 4
0 0 -  I 93824992251360 64
0 0 -  I 93824992251442 64
0 0 -  I 93824992251369 64
0 0 0 L 140737488337976 8
0 0 0 L 93824992397580 4
0 0 0 L 140737488338224 8
0 0 2 L 93824992407060 4
0 0 -  I 93824992251360 64
0 0 -  I 93824992251369 64
0 0 3 L 140737488337976 8
0 0 0 L 93824992397584 4
0 0 0 L 140737488338224 8
0 0 2 L 93824992407104 4
0 0 -  I 93824992251360 64
0 0 -  I 93824992251369 64
0 0 3 L 140737488337976 8
0 0 0 L 93824992397588 4
0 0 0 L 140737488338224 8
0 0 2 L 93824992407112 4
0 0 -  I 93824992251360 64
0 0 -  I 93824992251369 64
0 0 3 L 140737488337976 8
0 0 0 L 93824992397592 4
0 0 0 L 140737488338224 8
0 0 2 L 93824992407116 4
0 0 -  I 93824992251360 64
0 0 -  I 93824992251442 64
0 0 -  I 93824992251369 64
0 0 0 L 140737488337976 8
0 0 0 L 93824992396504 4
0 0 0 L 140737488338224 8
0 0 2 L 93824992406896 4
0 0 -  I 93824992251393 64
0 0 3 L 93824992406896 4
0 0 4 S 93824992406896 4
0 0 -  I 93824992251401 64
0 0 -  I 93824992251414 64
0 0 9 S 93824992411728 4
0 0 -  I 93824992251369 64
0 0 3 L 140737488337976 8
0 0 0 L 93824992396508 4
0 0 0 L 140737488338224 8
0 0 2 L 93824992406900 4
0 0 -  I 93824992251393 64
0 0 3 L 93824992406900 4
0 0 4 S 93824992406900 4
0 0 -  I 93824992251401 64
0 0 -  I 93824992251414 64
0 0 9 S 93824992411732 4
0 0 -  I 93824992251369 64
0 0 3 L 140737488337976 8
0 0 0 L 93824992396512 4
0 0 0 L 140737488338224 8
0 0 2 L 93824992406904 4
0 0 -  I 93824992251393 64
0 0 3 L 93824992406904 4
0 0 4 S 93824992406904 4
0 0 -  I 93824992251401 64
0 0 -  I 93824992251414 64
0 0 9 S 93824992411736 4
0 0 -  I 93824992251369 64
0 0 3 L 140737488337976 8
0 0 0 L 93824992396516 4
0 0 0 L 140737488338224 8
0 0 2 L 93824992406912 4
0 0 -  I 93824992251393 64
0 0 3 L 93824992406912 4
0 0 4 S 93824992406912 4
0 0 -  I 93824992251401 64
0 0 -  I 93824992251414 64
0 0 9 S 93824992411740 4
0 0 -  I 93824992251369 64
0 0 3 L 140737488337976 8
0 0 0 L 93824992396520 4
0 0 0 L 140737488338224 8
0 0 2 L 93824992406940 4
0 0 -  I 93824992251393 64
0 0 3 L 93824992406940 4
0 0 4 S 93824992406940 4
0 0 -  I 93824992251401 64
0 0 -  I 93824992251414 64
0 0 9 S 93824992411744 4
0 0 -  I 93824992251369 64
0 0 3 L 140737488337976 8
0 0 0 L 93824992396524 4
0 0 0 L 140737488338224 8
0 0 2 L 93824992406944 4
0 0 -  I 93824992251393 64
0 0 3 L 93824992406944 4
0 0 4 S 93824992406944 4
0 0 -  I 93824992251401 64
0 0 -  I 93824992251414 64
0 0 9 S 93824992411748 4
0 0 -  I 93824992251369 64
0 0 3 L 140737488337976 8
0 0 0 L 93824992396528 4
0 0 0 L 140737488338224 8
0 0 2 L 93824992406948 4
0 0 -  I 93824992251393 64
0 0 3 L 93824992406948 4
0 0 4 S 93824992406948 4
0 0 -  I 93824992251401 64
0 0 -  I 93824992251414 64
0 0 9 S 93824992411752 4
0 0 -  I 93824992251442 64
0 0 -  I 93824992251369 64
0 0 0 L 140737488337976 8
0 0 0 L 93824992397728 4
0 0 0 L 140737488338224 8
0 0 2 L 93824992407032 4
0 0 -  I 93824992251360 64
0 0 -  I 93824992251369 64
0 0 3 L 140737488337976 8
0 0 0 L 93824992397732 4
0 0 0 L 140737488338224 8
0 0 2 L 93824992407036 4
0 0 -  I 93824992251360 64
0 0 -  I 93824992251369 64
0 0 3 L 140737488337976 8
0 0 0 L 93824992397736 4
0 0 0 L 140737488338224 8
0 0 2 L 93824992407140 4
0 0 -  I 93824992251360 64
0 0 -  I 93824992251369 64
0 0 3 L 140737488337976 8
0 0 0 L 93824992397740 4
0 0 0 L 140737488338224 8
0 0 2 L 93824992407148 4
0 0 -  I 93824992251360 64
0 0 -  I 93824992251442 64
0 0 -  I 93824992251369 64
0 0 0 L 140737488337976 8
0 0 0 L 93824992396504 4
0 0 0 L 140737488338224 8
0 0 2 L 93824992406896 4
0 0 -  I 93824992251393 64
0 0 3 L 93824992406896 4
0 0 4 S 93824992406896 4
0 0 -  I 93824992251401 64
0 0 -  I 93824992251414 64
0 0 9 S 93824992411728 4
0 0 -  I 93824992251369 64
0 0 3 L 140737488337976 8
0 0 0 L 93824992396508 4
0 0 0 L 140737488338224 8
0 0 2 L 93824992406900 4
0 0 -  I 93824992251393 64
0 0 3 L 93824992406900 4
0 0 4 S 93824992406900 4
0 0 -  I 93824992251401 64
0 0 -  I 93824992251414 64
0 0 9 S 93824992411732 4
0 0 -  I 93824992251369 64
0 0 3 L 140737488337976 8
0 0 0 L 93824992396512 4
0 0 0 L 140737488338224 8
0 0 2 L 93824992406904 4
0 0 -  I 93824992251393 64
0 0 3 L 93824992406904 4
0 0 4 S 93824992406904 4
0 0 -  I 93824992251401 64
0 0 -  I 93824992251414 64
0 0 9 S 93824992411736 4
0 0 -  I 93824992251369 64
0 0 3 L 140737488337976 8
0 0 0 L 93824992396516 4
0 0 0 L 140737488338224 8
0 0 2 L 93824992406912 4
0 0 -  I 93824992251393 64
0 0 3 L 93824992406912 4
0 0 4 S 93824992406912 4
0 0 -  I 93824992251401 64
0 0 -  I 93824992251414 64
0 0 9 S 93824992411740 4
0 0 -  I 93824992251369 64
0 0 3 L 140737488337976 8
0 0 0 L 93824992396520 4
0 0 0 L 140737488338224 8
0 0 2 L 93824992406940 4
0 0 -  I 93824992251393 64
0 0 3 L 93824992406940 4
0 0 4 S 93824992406940 4
0 0 -  I 93824992251401 64
0 0 -  I 93824992251414 64
0 0 9 S 93824992411744 4
0 0 -  I 93824992251369 64
0 0 3 L 140737488337976 8
0 0 0 L 93824992396524 4
0 0 0 L 140737488338224 8
0 0 2 L 93824992406944 4
0 0 -  I 93824992251393 64
0 0 3 L 93824992406944 4
0 0 4 S 93824992406944 4
0 0 -  I 93824992251401 64
0 0 -  I 93824992251414 64
0 0 9 S 93824992411748 4
0 0 -  I 93824992251369 64
0 0 3 L 140737488337976 8
0 0 0 L 93824992396528 4
0 0 0 L 140737488338224 8
0 0 2 L 93824992406948 4
0 0 -  I 93824992251393 64
0 0 3 L 93824992406948 4
0 0 4 S 93824992406948 4
0 0 -  I 93824992251401 64
0 0 -  I 93824992251414 64
0 0 9 S 93824992411752 4
0 0 -  I 93824992251442 64
0 0 -  I 93824992251369 64
0 0 0 L 140737488337976 8
0 0 0 L 93824992397728 4
0 0 0 L 140737488338224 8
0 0 2 L 93824992407032 4
0 0 -  I 93824992251360 64
0 0 -  I 93824992251369 64
0 0 3 L 140737488337976 8
0 0 0 L 93824992397732 4
0 0 0 L 140737488338224 8
0 0 2 L 93824992407036 4
0 0 -  I 93824992251360 64
0 0 -  I 93824992251369 64
0 0 3 L 140737488337976 8
0 0 0 L 93824992397736 4
0 0 0 L 140737488338224 8
0 0 2 L 93824992407140 4
0 0 -  I 93824992251360 64
0 0 -  I 93824992251369 64
0 0 3 L 140737488337976 8
0 0 0 L 93824992397740 4
0 0 0 L 140737488338224 8
0 0 2 L 93824992407148 4
0 0 -  I 93824992251360 64
0 0 -  I 93824992251442 64
0 0 -  I 93824992251369 64
0 0 0 L 140737488337976 8
0 0 0 L 93824992396760 4
0 0 0 L 140737488338224 8
0 0 2 L 93824992406948 4
0 0 -  I 93824992251393 64
0 0 3 L 93824992406948 4
0 0 4 S 93824992406948 4
0 0 -  I 93824992251401 64
0 0 -  I 93824992251414 64
0 0 9 S 93824992411728 4
0 0 -  I 93824992251369 64
0 0 3 L 140737488337976 8
0 0 0 L 93824992396764 4
0 0 0 L 140737488338224 8
0 0 2 L 93824992406956 4
0 0 -  I 93824992251393 64
0 0 3 L 93824992406956 4
0 0 4 S 93824992406956 4
0 0 -  I 93824992251401 64
0 0 -  I 93824992251414 64
0 0 9 S 93824992411732 4
0 0 -  I 93824992251369 64
0 0 3 L 140737488337976 8
0 0 0 L 93824992396768 4
0 0 0 L 140737488338224 8
0 0 2 L 93824992406964 4
0 0 -  I 93824992251393 64
0 0 3 L 93824992406964 4
0 0 4 S 93824992406964 4
0 0 -  I 93824992251401 64
0 0 -  I 93824992251414 64
0 0 9 S 93824992411736 4
0 0 -  I 93824992251369 64
0 0 3 L 140737488337976 8
0 0 0 L 93824992396772 4
0 0 0 L 140737488338224 8
0 0 2 L 93824992407072 4
0 0 -  I 93824992251393 64
0 0 3 L 93824992407072 4
0 0 4 S 93824992407072 4
0 0 -  I 93824992251401 64
0 0 -  I 93824992251414 64
0 0 9 S 93824992411740 4
0 0 -  I 93824992251369 64
0 0 3 L 140737488337976 8
0 0 0 L 93824992396776 4
0 0 0 L 140737488338224 8
0 0 2 L 93824992407076 4
0 0 -  I 93824992251393 64
0 0 3 L 93824992407076 4
0 0 4 S 93824992407076 4
0 0 -  I 93824992251401 64
0 0 -  I 93824992251414 64
0 0 9 S 93824992411744 4
0 0 -  I 93824992251442 64
0 0 -  I 93824992251369 64
0 0 0 L 140737488337976 8
0 0 0 L 93824992396728 4
0 0 0 L 140737488338224 8
0 0 2 L 93824992406908 4
0 0 -  I 93824992251393 64
0 0 3 L 93824992406908 4
0 0 4 S 93824992406908 4
0 0 -  I 93824992251401 64
0 0 -  I 93824992251414 64
0 0 9 S 93824992411728 4
0 0 -  I 93824992251369 64
0 0 3 L 140737488337976 8
0 0 0 L 93824992396732 4
0 0 0 L 140737488338224 8
0 0 2 L 93824992406912 4
0 0 -  I 93824992251393 64
0 0 3 L 93824992406912 4
0 0 4 S 93824992406912 4
0 0 -  I 93824992251401 64
0 0 -  I 93824992251414 64
0 0 9 S 93824992411732 4
0 0 -  I 93824992251369 64
0 0 3 L 140737488337976 8
0 0 0 L 93824992396736 4
0 0 0 L 140737488338224 8
0 0 2 L 93824992406916 4
0 0 -  I 93824992251393 64
0 0 3 L 93824992406916 4
0 0 4 S 93824992406916 4
0 0 -  I 93824992251401 64
0 0 -  I 93824992251414 64
0 0 9 S 93824992411736 4
0 0 -  I 93824992251369 64
0 0 3 L 140737488337976 8
0 0 0 L 93824992396740 4
0 0 0 L 140737488338224 8
0 0 2 L 93824992406944 4
0 0 -  I 93824992251393 64
0 0 3 L 93824992406944 4
0 0 4 S 93824992406944 4
0 0 -  I 93824992251401 64
0 0 -  I 93824992251414 64
0 0 9 S 93824992411740 4
0 0 -  I 93824992251369 64
0 0 3 L 140737488337976 8
0 0 0 L 93824992396744 4
0 0 0 L 140737488338224 8
0 0 2 L 93824992406952 4
0 0 -  I 93824992251360 64
0 0 -  I 93824992251369 64
0 0 3 L 140737488337976 8
0 0 0 L 93824992396748 4
0 0 0 L 140737488338224 8
0 0 2 L 93824992406956 4
0 0 -  I 93824992251360 64
0 0 -  I 93824992251369 64
0 0 3 L 140737488337976 8
0 0 0 L 93824992396752 4
0 0 0 L 140737488338224 8
0 0 2 L 93824992407068 4
0 0 -  I 93824992251393 64
0 0 3 L 93824992407068 4
0 0 4 S 93824992407068 4
0 0 -  I 93824992251401 64
0 0 -  I 93824992251414 64
0 0 9 S 93824992411744 4
0 0 -  I 93824992251369 64
0 0 3 L 140737488337976 8
0 0 0 L 93824992396756 4
0 0 0 L 140737488338224 8
0 0 2 L 93824992407072 4
0 0 -  I 93824992251360 64
0 0 -  I 93824992251442 64
0 0 -  I 93824992251369 64
0 0 0 L 140737488337976 8
0 0 0 L 93824992396780 4
0 0 0 L 140737488338224 8
0 0 2 L 93824992406916 4
0 0 -  I 93824992251360 64
0 0 -  I 93824992251369 64
0 0 3 L 140737488337976 8
0 0 0 L 93824992396784 4
0 0 0 L 140737488338224 8
0 0 2 L 93824992406948 4
0 0 -  I 93824992251360 64
0 0 -  I 93824992251369 64
0 0 3 L 140737488337976 8
0 0 0 L 93824992396788 4
0 0 0 L 140737488338224 8
0 0 2 L 93824992406952 4
0 0 -  I 93824992251360 64
0 0 -  I 93824992251369 64
0 0 3 L 140737488337976 8
0 0 0 L 93824992396792 4
0 0 0 L 140737488338224 8
0 0 2 L 93824992406960 4
0 0 -  I 93824992251360 64
0 0 -  I 93824992251369 64
0 0 3 L 140737488337976 8
0 0 0 L 93824992396796 4
0 0 0 L 140737488338224 8
0 0 2 L 93824992406964 4
0 0 -  I 93824992251360 64
0 0 -  I 93824992251442 64
0 0 -  I 93824992251369 64
0 0 0 L 140737488337976 8
0 0 0 L 93824992397628 4
0 0 0 L 140737488338224 8
0 0 2 L 93824992407116 4
0 0 -  I 93824992251360 64
0 0 -  I 93824992251369 64
0 0 3 L 140737488337976 8
0 0 0 L 93824992397632 4
0 0 0 L 140737488338224 8
0 0 2 L 93824992407124 4
0 0 -  I 93824992251360 64
0 0 -  I 93824992251442 64
0 0 -  I 93824992251369 64
0 0 0 L 140737488337976 8
0 0 0 L 93824992397212 4
0 0 0 L 140737488338224 8
0 0 2 L 93824992407024 4
0 0 -  I 93824992251360 64
0 0 -  I 93824992251369 64
0 0 3 L 140737488337976 8
0 0 0 L 93824992397216 4
0 0 0 L 140737488338224 8
0 0 2 L 93824992407028 4
0 0 -  I 93824992251360 64
0 0 -  I 93824992251369 64
0 0 3 L 140737488337976 8
0 0 0 L 93824992397220 4
0 0 0 L 140737488338224 8
0 0 2 L 93824992407036 4
0 0 -  I 93824992251360 64
0 0 -  I 93824992251369 64
0 0 3 L 140737488337976 8
0 0 0 L 93824992397224 4
0 0 0 L 140737488338224 8
0 0 2 L 93824992407144 4
0 0 -  I 93824992251393 64
0 0 3 L 93824992407144 4
0 0 4 S 93824992407144 4
0 0 -  I 93824992251401 64
0 0 -  I 93824992251414 64
0 0 9 S 93824992411728 4
0 0 -  I 93824992251369 64
0 0 3 L 140737488337976 8
0 0 0 L 93824992397228 4
0 0 0 L 140737488338224 8
0 0 2 L 93824992407148 4
0 0 -  I 93824992251393 64
0 0 3 L 93824992407148 4
0 0 4 S 93824992407148 4
0 0 -  I 93824992251401 64
0 0 -  I 93824992251414 64
0 0 9 S 93824992411732 4
0 0 -  I 93824992251369 64
0 0 3 L 140737488337976 8
0 0 0 L 93824992397232 4
0 0 0 L 140737488338224 8
0 0 2 L 93824992407152 4
0 0 -  I 93824992251360 64
0 0 -  I 93824992251442 64
0 0 -  I 93824992251369 64
0 0 0 L 140737488337976 8
0 0 0 L 93824992397728 4
0 0 0 L 140737488338224 8
0 0 2 L 93824992407032 4
0 0 -  I 93824992251360 64
0 0 -  I 93824992251369 64
0 0 3 L 140737488337976 8
0 0 0 L 93824992397732 4
0 0 0 L 140737488338224 8
0 0 2 L 93824992407036 4
0 0 -  I 93824992251360 64
0 0 -  I 93824992251369 64
0 0 3 L 140737488337976 8
0 0 0 L 93824992397736 4
0 0 0 L 140737488338224 8
0 0 2 L 93824992407140 4
0 0 -  I 93824992251360 64
0 0 -  I 93824992251369 64
0 0 3 L 140737488337976 8
0 0 0 L 93824992397740 4
0 0 0 L 140737488338224 8
0 0 2 L 93824992407148 4
0 0 -  I 93824992251360 64
0 0 -  I 93824992251442 64
6 0 -  I 93824992251369 64
6 0 0 L 140737488337976 8
6 0 0 L 93824992397672 4
6 0 0 L 140737488338224 8
6 0 2 L 93824992407040 4
6 0 -  I 93824992251393 64
6 0 3 L 93824992407040 4
6 0 4 S 93824992407040 4
6 0 -  I 93824992251401 64
6 0 -  I 93824992251414 64
6 0 9 S 140736817269536 4
6 0 -  I 93824992251369 64
6 0 3 L 140737488337976 8
6 0 0 L 93824992397676 4
6 0 0 L 140737488338224 8
6 0 2 L 93824992407044 4
6 0 -  I 93824992251393 64
6 0 3 L 93824992407044 4
6 0 4 S 93824992407044 4
6 0 -  I 93824992251401 64
6 0 -  I 93824992251414 64
6 0 9 S 140736817269540 4
6 0 -  I 93824992251369 64
6 0 3 L 140737488337976 8
6 0 0 L 93824992397680 4
6 0 0 L 140737488338224 8
6 0 2 L 93824992407048 4
6 0 -  I 93824992251360 64
6 0 -  I 93824992251369 64
6 0 3 L 140737488337976 8
6 0 0 L 93824992397684 4
6 0 0 L 140737488338224 8
6 0 2 L 93824992407128 4
6 0 -  I 93824992251360 64
6 0 -  I 93824992251369 64
6 0 3 L 140737488337976 8
6 0 0 L 93824992397688 4
6 0 0 L 140737488338224 8
6 0 2 L 93824992407136 4
6 0 -  I 93824992251393 64
6 0 3 L 93824992407136 4
6 0 4 S 93824992407136 4
6 0 -  I 93824992251401 64
6 0 -  I 93824992251414 64
6 0 9 S 140736817269544 4
6 0 -  I 93824992251442 64
6 0 -  I 93824992251369 64
6 0 0 L 140737488337976 8
6 0 0 L 93824992397400 4
6 0 0 L 140737488338224 8
6 0 2 L 93824992406944 4
6 0 -  I 93824992251360 64
6 0 -  I 93824992251369 64
6 0 3 L 140737488337976 8
6 0 0 L 93824992397404 4
6 0 0 L 140737488338224 8
6 0 2 L 93824992407068 4
6 0 -  I 93824992251360 64
6 0 -  I 93824992251442 64
0 0 -  I 93824992251369 64
0 0 0 L 140737488337976 8
0 0 0 L 93824992396436 4
0 0 0 L 140737488338224 8
0 0 2 L 93824992406856 4
0 0 -  I 93824992251393 64
0 0 3 L 93824992406856 4
0 0 4 S 93824992406856 4
0 0 -  I 93824992251401 64
0 0 -  I 93824992251414 64
0 0 9 S 93824992411728 4
0 0 -  I 93824992251369 64
0 0 3 L 140737488337976 8
0 0 0 L 93824992396440 4
0 0 0 L 140737488338224 8
0 0 2 L 93824992406892 4
0 0 -  I 93824992251393 64
0 0 3 L 93824992406892 4
0 0 4 S 93824992406892 4
0 0 -  I 93824992251401 64
0 0 -  I 93824992251414 64
0 0 9 S 93824992411732 4
0 0 -  I 93824992251369 64
0 0 3 L 140737488337976 8
0 0 0 L 93824992396444 4
0 0 0 L 140737488338224 8
0 0 2 L 93824992406900 4
0 0 -  I 93824992251393 64
0 0 3 L 93824992406900 4
0 0 4 S 93824992406900 4
0 0 -  I 93824992251401 64
0 0 -  I 93824992251414 64
0 0 9 S 93824992411736 4
0 0 -  I 93824992251369 64
0 0 3 L 140737488337976 8
0 0 0 L 93824992396448 4
0 0 0 L 140737488338224 8
0 0 2 L 93824992406908 4
0 0 -  I 93824992251393 64
0 0 3 L 93824992406908 4
0 0 4 S 93824992406908 4
0 0 -  I 93824992251401 64
0 0 -  I 93824992251414 64
0 0 9 S 93824992411740 4
0 0 -  I 93824992251369 64
0 0 3 L 140737488337976 8
0 0 0 L 93824992396452 4
0 0 0 L 140737488338224 8
0 0 2 L 93824992406912 4
0 0 -  I 93824992251393 64
0 0 3 L 93824992406912 4
0 0 4 S 93824992406912 4
0 0 -  I 93824992251401 64
0 0 -  I 93824992251414 64
0 0 9 S 93824992411744 4
0 0 -  I 93824992251369 64
0 0 3 L 140737488337976 8
0 0 0 L 93824992396456 4
0 0 0 L 140737488338224 8
0 0 2 L 93824992406916 4
0 0 -  I 93824992251393 64
0 0 3 L 93824992406916 4
0 0 4 S 93824992406916 4
0 0 -  I 93824992251401 64
0 0 -  I 93824992251414 64
0 0 9 S 93824992411748 4
0 0 -  I 93824992251369 64
0 0 3 L 140737488337976 8
0 0 0 L 93824992396460 4
0 0 0 L 140737488338224 8
0 0 2 L 93824992406920 4
0 0 -  I 93824992251393 64
0 0 3 L 93824992406920 4
0 0 4 S 93824992406920 4
0 0 -  I 93824992251401 64
0 0 -  I 93824992251414 64
0 0 9 S 93824992411752 4
0 0 -  I 93824992251442 64
0 0 -  I 93824992251369 64
0 0 0 L 140737488337976 8
0 0 0 L 93824992397728 4
0 0 0 L 140737488338224 8
0 0 2 L 93824992407032 4
0 0 -  I 93824992251360 64
0 0 -  I 93824992251369 64
0 0 3 L 140737488337976 8
0 0 0 L 93824992397732 4
0 0 0 L 140737488338224 8
0 0 2 L 93824992407036 4
0 0 -  I 93824992251360 64
0 0 -  I 93824992251369 64
0 0 3 L 140737488337976 8
0 0 0 L 93824992397736 4
0 0 0 L 140737488338224 8
0 0 2 L 93824992407140 4
0 0 -  I 93824992251360 64
0 0 -  I 93824992251369 64
0 0 3 L 140737488337976 8
0 0 0 L 93824992397740 4
0 0 0 L 140737488338224 8
0 0 2 L 93824992407148 4
0 0 -  I 93824992251360 64
0 0 -  I 93824992251442 64
0 0 -  I 93824992251369 64
0 0 0 L 140737488337976 8
0 0 0 L 93824992396972 4
0 0 0 L 140737488338224 8
0 0 2 L 93824992406864 4
0 0 -  I 93824992251393 64
0 0 3 L 93824992406864 4
0 0 4 S 93824992406864 4
0 0 -  I 93824992251401 64
0 0 -  I 93824992251414 64
0 0 9 S 93824992411728 4
0 0 -  I 93824992251369 64
0 0 3 L 140737488337976 8
0 0 0 L 93824992396976 4
0 0 0 L 140737488338224 8
0 0 2 L 93824992406992 4
0 0 -  I 93824992251393 64
0 0 3 L 93824992406992 4
0 0 4 S 93824992406992 4
0 0 -  I 93824992251401 64
0 0 -  I 93824992251414 64
0 0 9 S 93824992411732 4
0 0 -  I 93824992251369 64
0 0 3 L 140737488337976 8
0 0 0 L 93824992396980 4
0 0 0 L 140737488338224 8
0 0 2 L 93824992407020 4
0 0 -  I 93824992251393 64
0 0 3 L 93824992407020 4
0 0 4 S 93824992407020 4
0 0 -  I 93824992251401 64
0 0 -  I 93824992251414 64
0 0 9 S 93824992411736 4
0 0 -  I 93824992251369 64
0 0 3 L 140737488337976 8
0 0 0 L 93824992396984 4
0 0 0 L 140737488338224 8
0 0 2 L 93824992407024 4
0 0 -  I 93824992251393 64
0 0 3 L 93824992407024 4
0 0 4 S 93824992407024 4
0 0 -  I 93824992251401 64
0 0 -  I 93824992251414 64
0 0 9 S 93824992411740 4
0 0 -  I 93824992251369 64
0 0 3 L 140737488337976 8
0 0 0 L 93824992396988 4
0 0 0 L 140737488338224 8
0 0 2 L 93824992407028 4
0 0 -  I 93824992251393 64
0 0 3 L 93824992407028 4
0 0 4 S 93824992407028 4
0 0 -  I 93824992251401 64
0 0 -  I 93824992251414 64
0 0 9 S 93824992411744 4
0 0 -  I 93824992251442 64
0 0 -  I 93824992251369 64
0 0 0 L 140737488337976 8
0 0 0 L 93824992396260 4
0 0 0 L 140737488338224 8
0 0 2 L 93824992406836 4
0 0 -  I 93824992251393 64
0 0 3 L 93824992406836 4
0 0 4 S 93824992406836 4
0 0 -  I 93824992251401 64
0 0 -  I 93824992251414 64
0 0 9 S 93824992411728 4
0 0 -  I 93824992251369 64
0 0 3 L 140737488337976 8
0 0 0 L 93824992396264 4
0 0 0 L 140737488338224 8
0 0 2 L 93824992406988 4
0 0 -  I 93824992251360 64
0 0 -  I 93824992251369 64
0 0 3 L 140737488337976 8
0 0 0 L 93824992396268 4
0 0 0 L 140737488338224 8
0 0 2 L 93824992406992 4
0 0 -  I 93824992251360 64
0 0 -  I 93824992251442 64
0 0 -  I 93824992251369 64
0 0 0 L 140737488337976 8
0 0 0 L 93824992396992 4
0 0 0 L 140737488338224 8
0 0 2 L 93824992406836 4
0 0 -  I 93824992251360 64
0 0 -  I 93824992251369 64
0 0 3 L 140737488337976 8
0 0 0 L 93824992396996 4
0 0 0 L 140737488338224 8
0 0 2 L 93824992406864 4
0 0 -  I 93824992251360 64
0 0 -  I 93824992251369 64
0 0 3 L 140737488337976 8
0 0 0 L 93824992397000 4
0 0 0 L 140737488338224 8
0 0 2 L 93824992406868 4
0 0 -  I 93824992251393 64
0 0 3 L 93824992406868 4
0 0 4 S 93824992406868 4
0 0 -  I 93824992251401 64
0 0 -  I 93824992251414 64
0 0 9 S 93824992411732 4
0 0 -  I 93824992251369 64
0 0 3 L 140737488337976 8
0 0 0 L 93824992397004 4
0 0 0 L 140737488338224 8
0 0 2 L 93824992406988 4
0 0 -  I 93824992251360 64
0 0 -  I 93824992251369 64
0 0 3 L 140737488337976 8
0 0 0 L 93824992397008 4
0 0 0 L 140737488338224 8
0 0 2 L 93824992406996 4
0 0 -  I 93824992251393 64
0 0 3 L 93824992406996 4
0 0 4 S 93824992406996 4
0 0 -  I 93824992251401 64
0 0 -  I 93824992251414 64
0 0 9 S 93824992411736 4
0 0 -  I 93824992251369 64
0 0 3 L 140737488337976 8
0 0 0 L 93824992397012 4
0 0 0 L 140737488338224 8
0 0 2 L 93824992407020 4
0 0 -  I 93824992251360 64
0 0 -  I 93824992251369 64
0 0 3 L 140737488337976 8
0 0 0 L 93824992397016 4
0 0 0 L 140737488338224 8
0 0 2 L 93824992407040 4
0 0 -  I 93824992251360 64
0 0 -  I 93824992251442 64
0 0 -  I 93824992251369 64
0 0 0 L 140737488337976 8
0 0 0 L 93824992397428 4
0 0 0 L 140737488338224 8
0 0 2 L 93824992406948 4
0 0 -  I 93824992251360 64
0 0 -  I 93824992251369 64
0 0 3 L 140737488337976 8
0 0 0 L 93824992397432 4
0 0 0 L 140737488338224 8
0 0 2 L 93824992406952 4
0 0 -  I 93824992251360 64
0 0 -  I 93824992251369 64
0 0 3 L 140737488337976 8
0 0 0 L 93824992397436 4
0 0 0 L 140737488338224 8
0 0 2 L 93824992407068 4
0 0 -  I 93824992251393 64
0 0 3 L 93824992407068 4
0 0 4 S 93824992407068 4
0 0 -  I 93824992251401 64
0 0 -  I 93824992251414 64
0 0 9 S 140736817269536 4
0 0 -  I 93824992251369 64
0 0 3 L 140737488337976 8
0 0 0 L 93824992397440 4
0 0 0 L 140737488338224 8
0 0 2 L 93824992407076 4
0 0 -  I 93824992251360 64
0 0 -  I 93824992251442 64
6 0 -  I 93824992251369 64
6 0 0 L 140737488337976 8
6 0 0 L 93824992397556 4
6 0 0 L 140737488338224 8
6 0 2 L 93824992407012 4
6 0 -  I 93824992251393 64
6 0 3 L 93824992407012 4
6 0 4 S 93824992407012 4
6 0 -  I 93824992251401 64
6 0 -  I 93824992251414 64
6 0 9 S 93824992411728 4
6 0 -  I 93824992251369 64
6 0 3 L 140737488337976 8
6 0 0 L 93824992397560 4
6 0 0 L 140737488338224 8
6 0 2 L 93824992407016 4
6 0 -  I 93824992251393 64
6 0 3 L 93824992407016 4
6 0 4 S 93824992407016 4
6 0 -  I 93824992251401 64
6 0 -  I 93824992251414 64
6 0 9 S 93824992411732 4
6 0 -  I 93824992251369 64
6 0 3 L 140737488337976 8
6 0 0 L 93824992397564 4
6 0 0 L 140737488338224 8
6 0 2 L 93824992407056 4
6 0 -  I 93824992251393 64
6 0 3 L 93824992407056 4
6 0 4 S 93824992407056 4
6 0 -  I 93824992251401 64
6 0 -  I 93824992251414 64
6 0 9 S 93824992411736 4
6 0 -  I 93824992251369 64
6 0 3 L 140737488337976 8
6 0 0 L 93824992397568 4
6 0 0 L 140737488338224 8
6 0 2 L 93824992407060 4
6 0 -  I 93824992251393 64
6 0 3 L 93824992407060 4
6 0 4 S 93824992407060 4
6 0 -  I 93824992251401 64
6 0 -  I 93824992251414 64
6 0 9 S 93824992411740 4
6 0 -  I 93824992251369 64
6 0 3 L 140737488337976 8
6 0 0 L 93824992397572 4
6 0 0 L 140737488338224 8
6 0 2 L 93824992407100 4
6 0 -  I 93824992251393 64
6 0 3 L 93824992407100 4
6 0 4 S 93824992407100 4
6 0 -  I 93824992251401 64
6 0 -  I 93824992251414 64
6 0 9 S 93824992411744 4
6 0 -  I 93824992251369 64
6 0 3 L 140737488337976 8
6 0 0 L 93824992397576 4
6 0 0 L 140737488338224 8
6 0 2 L 93824992407108 4
6 0 -  I 93824992251393 64
6 0 3 L 93824992407108 4
6 0 4 S 93824992407108 4
6 0 -  I 93824992251401 64
6 0 -  I 93824992251414 64
6 0 9 S 93824992411748 4
6 0 -  I 93824992251442 64
0 0 -  I 93824992251369 64
0 0 0 L 140737488337976 8
0 0 0 L 93824992396084 4
0 0 0 L 140737488338224 8
0 0 2 L 93824992406828 4
0 0 -  I 93824992251360 64
0 0 -  I 93824992251369 64
0 0 3 L 140737488337976 8
0 0 0 L 93824992396088 4
0 0 0 L 140737488338224 8
0 0 2 L 93824992406860 4
0 0 -  I 93824992251360 64
0 0 -  I 93824992251369 64
0 0 3 L 140737488337976 8
0 0 0 L 93824992396092 4
0 0 0 L 140737488338224 8
0 0 2 L 93824992406904 4
0 0 -  I 93824992251360 64
0 0 -  I 93824992251442 64
0 0 -  I 93824992251369 64
0 0 0 L 140737488337976 8
0 0 0 L 93824992396296 4
0 0 0 L 140737488338224 8
0 0 2 L 93824992406840 4
0 0 -  I 93824992251393 64
0 0 3 L 93824992406840 4
0 0 4 S 93824992406840 4
0 0 -  I 93824992251401 64
0 0 -  I 93824992251414 64
0 0 9 S 93824992411728 4
0 0 -  I 93824992251369 64
0 0 3 L 140737488337976 8
0 0 0 L 93824992396300 4
0 0 0 L 140737488338224 8
0 0 2 L 93824992406868 4
0 0 -  I 93824992251393 64
0 0 3 L 93824992406868 4
0 0 4 S 93824992406868 4
0 0 -  I 93824992251401 64
0 0 -  I 93824992251414 64
0 0 9 S 93824992411732 4
0 0 -  I 93824992251369 64
0 0 3 L 140737488337976 8
0 0 0 L 93824992396304 4
0 0 0 L 140737488338224 8
0 0 2 L 93824992406876 4
0 0 -  I 93824992251393 64
0 0 3 L 93824992406876 4
0 0 4 S 93824992406876 4
0 0 -  I 93824992251401 64
0 0 -  I 93824992251414 64
0 0 9 S 93824992411736 4
0 0 -  I 93824992251369 64
0 0 3 L 140737488337976 8
0 0 0 L 93824992396308 4
0 0 0 L 140737488338224 8
0 0 2 L 93824992406880 4
0 0 -  I 93824992251393 64
0 0 3 L 93824992406880 4
0 0 4 S 93824992406880 4
0 0 -  I 93824992251401 64
0 0 -  I 93824992251414 64
0 0 9 S 93824992411740 4
0 0 -  I 93824992251369 64
0 0 3 L 140737488337976 8
0 0 0 L 93824992396312 4
0 0 0 L 140737488338224 8
0 0 2 L 93824992406936 4
0 0 -  I 93824992251393 64
0 0 3 L 93824992406936 4
0 0 4 S 93824992406936 4
0 0 -  I 93824992251401 64
0 0 -  I 93824992251414 64
0 0 9 S 93824992411744 4
0 0 -  I 93824992251369 64
0 0 3 L 140737488337976 8
0 0 0 L 93824992396316 4
0 0 0 L 140737488338224 8
0 0 2 L 93824992407000 4
0 0 -  I 93824992251393 64
0 0 3 L 93824992407000 4
0 0 4 S 93824992407000 4
0 0 -  I 93824992251401 64
0 0 -  I 93824992251414 64
0 0 9 S 93824992411748 4
0 0 -  I 93824992251369 64
0 0 3 L 140737488337976 8
0 0 0 L 93824992396320 4
0 0 0 L 140737488338224 8
0 0 2 L 93824992407004 4
0 0 -  I 93824992251393 64
0 0 3 L 93824992407004 4
0 0 4 S 93824992407004 4
0 0 -  I 93824992251401 64
0 0 -  I 93824992251414 64
0 0 9 S 93824992411752 4
0 0 -  I 93824992251442 64
0 0 -  I 93824992251369 64
0 0 0 L 140737488337976 8
0 0 0 L 93824992397408 4
0 0 0 L 140737488338224 8
0 0 2 L 93824992406940 4
0 0 -  I 93824992251360 64
0 0 -  I 93824992251369 64
0 0 3 L 140737488337976 8
0 0 0 L 93824992397412 4
0 0 0 L 140737488338224 8
0 0 2 L 93824992406944 4
0 0 -  I 93824992251360 64
0 0 -  I 93824992251369 64
0 0 3 L 140737488337976 8
0 0 0 L 93824992397416 4
0 0 0 L 140737488338224 8
0 0 2 L 93824992406948 4
0 0 -  I 93824992251360 64
0 0 -  I 93824992251369 64
0 0 3 L 140737488337976 8
0 0 0 L 93824992397420 4
0 0 0 L 140737488338224 8
0 0 2 L 93824992407064 4
0 0 -  I 93824992251360 64
0 0 -  I 93824992251369 64
0 0 3 L 140737488337976 8
0 0 0 L 93824992397424 4
0 0 0 L 140737488338224 8
0 0 2 L 93824992407072 4
0 0 -  I 93824992251360 64
0 0 -  I 93824992251442 64
0 0 -  I 93824992251369 64
0 0 0 L 140737488337976 8
0 0 0 L 93824992397400 4
0 0 0 L 140737488338224 8
0 0 2 L 93824992406944 4
0 0 -  I 93824992251360 64
0 0 -  I 93824992251369 64
0 0 3 L 140737488337976 8
0 0 0 L 93824992397404 4
0 0 0 L 140737488338224 8
0 0 2 L 93824992407068 4
0 0 -  I 93824992251360 64
0 0 -  I 93824992251442 64
0 0 -  I 93824992251369 64
0 0 0 L 140737488337976 8
0 0 0 L 93824992396192 4
0 0 0 L 140737488338224 8
0 0 2 L 93824992406820 4
0 0 -  I 93824992251393 64
0 0 3 L 93824992406820 4
0 0 4 S 93824992406820 4
0 0 -  I 93824992251401 64
0 0 -  I 93824992251414 64
0 0 9 S 93824992411728 4
0 0 -  I 93824992251369 64
0 0 3 L 140737488337976 8
0 0 0 L 93824992396196 4
0 0 0 L 140737488338224 8
0 0 2 L 93824992406824 4
0 0 -  I 93824992251393 64
0 0 3 L 93824992406824 4
0 0 4 S 93824992406824 4
0 0 -  I 93824992251401 64
0 0 -  I 93824992251414 64
0 0 9 S 93824992411732 4
0 0 -  I 93824992251369 64
0 0 3 L 140737488337976 8
0 0 0 L 93824992396200 4
0 0 0 L 140737488338224 8
0 0 2 L 93824992406828 4
0 0 -  I 93824992251393 64
0 0 3 L 93824992406828 4
0 0 4 S 93824992406828 4
0 0 -  I 93824992251401 64
0 0 -  I 93824992251414 64
0 0 9 S 93824992411736 4
0 0 -  I 93824992251369 64
0 0 3 L 140737488337976 8
0 0 0 L 93824992396204 4
0 0 0 L 140737488338224 8
0 0 2 L 93824992406848 4
0 0 -  I 93824992251393 64
0 0 3 L 93824992406848 4
0 0 4 S 93824992406848 4
0 0 -  I 93824992251401 64
0 0 -  I 93824992251414 64
0 0 9 S 93824992411740 4
0 0 -  I 93824992251369 64
0 0 3 L 140737488337976 8
0 0 0 L 93824992396208 4
0 0 0 L 140737488338224 8
0 0 2 L 93824992406856 4
0 0 -  I 93824992251393 64
0 0 3 L 93824992406856 4
0 0 4 S 93824992406856 4
0 0 -  I 93824992251401 64
0 0 -  I 93824992251414 64
0 0 9 S 93824992411744 4
0 0 -  I 93824992251442 64
0 0 -  I 93824992251369 64
0 0 0 L 140737488337976 8
0 0 0 L 93824992396032 4
0 0 0 L 140737488338224 8
0 0 2 L 93824992406816 4
0 0 -  I 93824992251393 64
0 0 3 L 93824992406816 4
0 0 4 S 93824992406816 4
0 0 -  I 93824992251401 64
0 0 -  I 93824992251414 64
0 0 9 S 93824992411728 4
0 0 -  I 93824992251369 64
0 0 3 L 140737488337976 8
0 0 0 L 93824992396036 4
0 0 0 L 140737488338224 8
0 0 2 L 93824992406824 4
0 0 -  I 93824992251360 64
0 0 -  I 93824992251369 64
0 0 3 L 140737488337976 8
0 0 0 L 93824992396040 4
0 0 0 L 140737488338224 8
0 0 2 L 93824992406844 4
0 0 -  I 93824992251393 64
0 0 3 L 93824992406844 4
0 0 4 S 93824992406844 4
0 0 -  I 93824992251401 64
0 0 -  I 93824992251414 64
0 0 9 S 93824992411732 4
0 0 -  I 93824992251369 64
0 0 3 L 140737488337976 8
0 0 0 L 93824992396044 4
0 0 0 L 140737488338224 8
0 0 2 L 93824992406848 4
0 0 -  I 93824992251360 64
0 0 -  I 93824992251369 64
0 0 3 L 140737488337976 8
0 0 0 L 93824992396048 4
0 0 0 L 140737488338224 8
0 0 2 L 93824992406852 4
0 0 -  I 93824992251360 64
0 0 -  I 93824992251442 64
0 0 -  I 93824992251369 64
0 0 0 L 140737488337976 8
0 0 0 L 93824992396052 4
0 0 0 L 140737488338224 8
0 0 2 L 93824992406820 4
0 0 -  I 93824992251360 64
0 0 -  I 93824992251369 64
0 0 3 L 140737488337976 8
0 0 0 L 93824992396056 4
0 0 0 L 140737488338224 8
0 0 2 L 93824992406828 4
0 0 -  I 93824992251360 64
0 0 -  I 93824992251369 64
0 0 3 L 140737488337976 8
0 0 0 L 93824992396060 4
0 0 0 L 140737488338224 8
0 0 2 L 93824992406852 4
0 0 -  I 93824992251360 64
0 0 -  I 93824992251442 64
0 0 -  I 93824992251369 64
0 0 0 L 140737488337976 8
0 0 0 L 93824992397596 4
0 0 0 L 140737488338224 8
0 0 2 L 93824992407108 4
0 0 -  I 93824992251360 64
0 0 -  I 93824992251369 64
0 0 3 L 140737488337976 8
0 0 0 L 93824992397600 4
0 0 0 L 140737488338224 8
0 0 2 L 93824992407116 4
0 0 -  I 93824992251360 64
0 0 -  I 93824992251442 64
0 0 -  I 93824992251369 64
0 0 0 L 140737488337976 8
0 0 0 L 93824992397656 4
0 0 0 L 140737488338224 8
0 0 2 L 93824992407048 4
0 0 -  I 93824992251393 64
0 0 3 L 93824992407048 4
0 0 4 S 93824992407048 4
0 0 -  I 93824992251401 64
0 0 -  I 93824992251414 64
0 0 9 S 93824992411728 4
0 0 -  I 93824992251369 64
0 0 3 L 140737488337976 8
0 0 0 L 93824992397660 4
0 0 0 L 140737488338224 8
0 0 2 L 93824992407056 4
0 0 -  I 93824992251393 64
0 0 3 L 93824992407056 4
0 0 4 S 93824992407056 4
0 0 -  I 93824992251401 64
0 0 -  I 93824992251414 64
0 0 9 S 93824992411732 4
0 0 -  I 93824992251369 64
0 0 3 L 140737488337976 8
0 0 0 L 93824992397664 4
0 0 0 L 140737488338224 8
0 0 2 L 93824992407124 4
0 0 -  I 93824992251393 64
0 0 3 L 93824992407124 4
0 0 4 S 93824992407124 4
0 0 -  I 93824992251401 64
0 0 -  I 93824992251414 64
0 0 9 S 93824992411736 4
0 0 -  I 93824992251369 64
0 0 3 L 140737488337976 8
0 0 0 L 93824992397668 4
0 0 0 L 140737488338224 8
0 0 2 L 93824992407132 4
0 0 -  I 93824992251393 64
0 0 3 L 93824992407132 4
0 0 4 S 93824992407132 4
0 0 -  I 93824992251401 64
0 0 -  I 93824992251414 64
0 0 9 S 93824992411740 4
0 0 -  I 93824992251442 64
0 0 -  I 93824992251369 64
0 0 0 L 140737488337976 8
0 0 0 L 93824992397304 4
0 0 0 L 140737488338224 8
0 0 2 L 93824992407004 4
0 0 -  I 93824992251393 64
0 0 3 L 93824992407004 4
0 0 4 S 93824992407004 4
0 0 -  I 93824992251401 64
0 0 -  I 93824992251414 64
0 0 9 S 93824992411728 4
0 0 -  I 93824992251369 64
0 0 3 L 140737488337976 8
0 0 0 L 93824992397308 4
0 0 0 L 140737488338224 8
0 0 2 L 93824992407008 4
0 0 -  I 93824992251393 64
0 0 3 L 93824992407008 4
0 0 4 S 93824992407008 4
0 0 -  I 93824992251401 64
0 0 -  I 93824992251414 64
0 0 9 S 93824992411732 4
0 0 -  I 93824992251369 64
0 0 3 L 140737488337976 8
0 0 0 L 93824992397312 4
0 0 0 L 140737488338224 8
0 0 2 L 93824992407044 4
0 0 -  I 93824992251393 64
0 0 3 L 93824992407044 4
0 0 4 S 93824992407044 4
0 0 -  I 93824992251401 64
0 0 -  I 93824992251414 64
0 0 9 S 93824992411736 4
0 0 -  I 93824992251369 64
0 0 3 L 140737488337976 8
0 0 0 L 93824992397316 4
0 0 0 L 140737488338224 8
0 0 2 L 93824992407052 4
0 0 -  I 93824992251393 64
0 0 3 L 93824992407052 4
0 0 4 S 93824992407052 4
0 0 -  I 93824992251401 64
0 0 -  I 93824992251414 64
0 0 9 S 93824992411740 4
0 0 -  I 93824992251369 64
0 0 3 L 140737488337976 8
0 0 0 L 93824992397320 4
0 0 0 L 140737488338224 8
0 0 2 L 93824992407056 4
0 0 -  I 93824992251360 64
0 0 -  I 93824992251369 64
0 0 3 L 140737488337976 8
0 0 0 L 93824992397324 4
0 0 0 L 140737488338224 8
0 0 2 L 93824992407128 4
0 0 -  I 93824992251360 64
0 0 -  I 93824992251369 64
0 0 3 L 140737488337976 8
0 0 0 L 93824992397328 4
0 0 0 L 140737488338224 8
0 0 2 L 93824992407132 4
0 0 -  I 93824992251360 64
0 0 -  I 93824992251442 64
0 0 -  I 93824992251369 64
0 0 0 L 140737488337976 8
0 0 0 L 93824992396692 4
0 0 0 L 140737488338224 8
0 0 2 L 93824992406904 4
0 0 -  I 93824992251360 64
0 0 -  I 93824992251369 64
0 0 3 L 140737488337976 8
0 0 0 L 93824992396696 4
0 0 0 L 140737488338224 8
0 0 2 L 93824992406908 4
0 0 -  I 93824992251360 64
0 0 -  I 93824992251369 64
0 0 3 L 140737488337976 8
0 0 0 L 93824992396700 4
0 0 0 L 140737488338224 8
0 0 2 L 93824992406944 4
0 0 -  I 93824992251360 64
0 0 -  I 93824992251369 64
0 0 3 L 140737488337976 8
0 0 0 L 93824992396704 4
0 0 0 L 140737488338224 8
0 0 2 L 93824992407068 4
0 0 -  I 93824992251360 64
0 0 -  I 93824992251442 64
0 0 -  I 93824992251369 64
0 0 0 L 140737488337976 8
0 0 0 L 93824992397400 4
0 0 0 L 140737488338224 8
0 0 2 L 93824992406944 4
0 0 -  I 93824992251360 64
0 0 -  I 93824992251369 64
0 0 3 L 140737488337976 8
0 0 0 L 93824992397404 4
0 0 0 L 140737488338224 8
0 0 2 L 93824992407068 4
0 0 -  I 93824992251360 64
0 0 -  I 93824992251442 64
0 0 -  I 93824992251369 64
0 0 0 L 140737488337976 8
0 0 0 L 93824992397484 4
0 0 0 L 140737488338224 8
0 0 2 L 93824992406964 4
0 0 -  I 93824992251393 64
0 0 3 L 93824992406964 4
0 0 4 S 93824992406964 4
0 0 -  I 93824992251401 64
0 0 -  I 93824992251414 64
0 0 9 S 93824992411728 4
0 0 -  I 93824992251369 64
0 0 3 L 140737488337976 8
0 0 0 L 93824992397488 4
0 0 0 L 140737488338224 8
0 0 2 L 93824992406968 4
0 0 -  I 93824992251393 64
0 0 3 L 93824992406968 4
0 0 4 S 93824992406968 4
0 0 -  I 93824992251401 64
0 0 -  I 93824992251414 64
0 0 9 S 93824992411732 4
0 0 -  I 93824992251369 64
0 0 3 L 140737488337976 8
0 0 0 L 93824992397492 4
0 0 0 L 140737488338224 8
0 0 2 L 93824992407080 4
0 0 -  I 93824992251393 64
0 0 3 L 93824992407080 4
0 0 4 S 93824992407080 4
0 0 -  I 93824992251401 64
0 0 -  I 93824992251414 64
0 0 9 S 93824992411736 4
0 0 -  I 93824992251369 64
0 0 3 L 140737488337976 8
0 0 0 L 93824992397496 4
0 0 0 L 140737488338224 8
0 0 2 L 93824992407084 4
0 0 -  I 93824992251393 64
0 0 3 L 93824992407084 4
0 0 4 S 93824992407084 4
0 0 -  I 93824992251401 64
0 0 -  I 93824992251414 64
0 0 9 S 93824992411740 4
0 0 -  I 93824992251369 64
0 0 3 L 140737488337976 8
0 0 0 L 93824992397500 4
0 0 0 L 140737488338224 8
0 0 2 L 93824992407092 4
0 0 -  I 93824992251393 64
0 0 3 L 93824992407092 4
0 0 4 S 93824992407092 4
0 0 -  I 93824992251401 64
0 0 -  I 93824992251414 64
0 0 9 S 93824992411744 4
0 0 -  I 93824992251442 64
0 0 -  I 93824992251369 64
0 0 0 L 140737488337976 8
0 0 0 L 93824992396820 4
0 0 0 L 140737488338224 8
0 0 2 L 93824992406952 4
0 0 -  I 93824992251393 64
0 0 3 L 93824992406952 4
0 0 4 S 93824992406952 4
0 0 -  I 93824992251401 64
0 0 -  I 93824992251414 64
0 0 9 S 93824992411728 4
0 0 -  I 93824992251369 64
0 0 3 L 140737488337976 8
0 0 0 L 93824992396824 4
0 0 0 L 140737488338224 8
0 0 2 L 93824992406956 4
0 0 -  I 93824992251393 64
0 0 3 L 93824992406956 4
0 0 4 S 93824992406956 4
0 0 -  I 93824992251401 64
0 0 -  I 93824992251414 64
0 0 9 S 93824992411732 4
0 0 -  I 93824992251369 64
0 0 3 L 140737488337976 8
0 0 0 L 93824992396828 4
0 0 0 L 140737488338224 8
0 0 2 L 93824992406960 4
0 0 -  I 93824992251393 64
0 0 3 L 93824992406960 4
0 0 4 S 93824992406960 4
0 0 -  I 93824992251401 64
0 0 -  I 93824992251414 64
0 0 9 S 93824992411736 4
0 0 -  I 93824992251369 64
0 0 3 L 140737488337976 8
0 0 0 L 93824992396832 4
0 0 0 L 140737488338224 8
0 0 2 L 93824992406968 4
0 0 -  I 93824992251360 64
0 0 -  I 93824992251369 64
0 0 3 L 140737488337976 8
0 0 0 L 93824992396836 4
0 0 0 L 140737488338224 8
0 0 2 L 93824992407076 4
0 0 -  I 93824992251393 64
0 0 3 L 93824992407076 4
0 0 4 S 93824992407076 4
0 0 -  I 93824992251401 64
0 0 -  I 93824992251414 64
0 0 9 S 93824992411740 4
0 0 -  I 93824992251369 64
0 0 3 L 140737488337976 8
0 0 0 L 93824992396840 4
0 0 0 L 140737488338224 8
0 0 2 L 93824992407080 4
0 0 -  I 93824992251360 64
0 0 -  I 93824992251369 64
0 0 3 L 140737488337976 8
0 0 0 L 93824992396844 4
0 0 0 L 140737488338224 8
0 0 2 L 93824992407088 4
0 0 -  I 93824992251360 64
0 0 -  I 93824992251442 64
0 0 -  I 93824992251369 64
0 0 0 L 140737488337976 8
0 0 0 L 93824992396848 4
0 0 0 L 140737488338224 8
0 0 2 L 93824992406920 4
0 0 -  I 93824992251393 64
0 0 3 L 93824992406920 4
0 0 4 S 93824992406920 4
0 0 -  I 93824992251401 64
0 0 -  I 93824992251414 64
0 0 9 S 93824992411744 4
0 0 -  I 93824992251369 64
0 0 3 L 140737488337976 8
0 0 0 L 93824992396852 4
0 0 0 L 140737488338224 8
0 0 2 L 93824992406924 4
0 0 -  I 93824992251393 64
0 0 3 L 93824992406924 4
0 0 4 S 93824992406924 4
0 0 -  I 93824992251401 64
0 0 -  I 93824992251414 64
0 0 9 S 93824992411748 4
0 0 -  I 93824992251369 64
0 0 3 L 140737488337976 8
0 0 0 L 93824992396856 4
0 0 0 L 140737488338224 8
0 0 2 L 93824992406928 4
0 0 -  I 93824992251393 64
0 0 3 L 93824992406928 4
0 0 4 S 93824992406928 4
0 0 -  I 93824992251401 64
0 0 -  I 93824992251414 64
0 0 9 S 93824992411752 4
0 0 -  I 93824992251369 64
0 0 3 L 140737488337976 8
0 0 0 L 93824992396860 4
0 0 0 L 140737488338224 8
0 0 2 L 93824992406960 4
0 0 -  I 93824992251360 64
0 0 -  I 93824992251369 64
0 0 3 L 140737488337976 8
0 0 0 L 93824992396864 4
0 0 0 L 140737488338224 8
0 0 2 L 93824992406964 4
0 0 -  I 93824992251360 64
0 0 -  I 93824992251369 64
0 0 3 L 140737488337976 8
0 0 0 L 93824992396868 4
0 0 0 L 140737488338224 8
0 0 2 L 93824992406972 4
0 0 -  I 93824992251393 64
0 0 3 L 93824992406972 4
0 0 4 S 93824992406972 4
0 0 -  I 93824992251401 64
0 0 -  I 93824992251414 64
0 0 9 S 93824992411756 4
0 0 -  I 93824992251369 64
0 0 3 L 140737488337976 8
0 0 0 L 93824992396872 4
0 0 0 L 140737488338224 8
0 0 2 L 93824992406976 4
0 0 -  I 93824992251360 64
0 0 -  I 93824992251369 64
0 0 3 L 140737488337976 8
0 0 0 L 93824992396876 4
0 0 0 L 140737488338224 8
0 0 2 L 93824992407088 4
0 0 -  I 93824992251360 64
0 0 -  I 93824992251369 64
0 0 3 L 140737488337976 8
0 0 0 L 93824992396880 4
0 0 0 L 140737488338224 8
0 0 2 L 93824992407092 4
0 0 -  I 93824992251360 64
0 0 -  I 93824992251442 64
0 0 -  I 93824992251369 64
0 0 0 L 140737488337976 8
0 0 0 L 93824992397692 4
0 0 0 L 140737488338224 8
0 0 2 L 93824992407020 4
0 0 -  I 93824992251360 64
0 0 -  I 93824992251369 64
0 0 3 L 140737488337976 8
0 0 0 L 93824992397696 4
0 0 0 L 140737488338224 8
0 0 2 L 93824992407028 4
0 0 -  I 93824992251360 64
0 0 -  I 93824992251369 64
0 0 3 L 140737488337976 8
0 0 0 L 93824992397700 4
0 0 0 L 140737488338224 8
0 0 2 L 93824992407036 4
0 0 -  I 93824992251393 64
0 0 3 L 93824992407036 4
0 0 4 S 93824992407036 4
0 0 -  I 93824992251401 64
0 0 -  I 93824992251414 64
0 0 9 S 93824992411728 4
0 0 -  I 93824992251369 64
0 0 3 L 140737488337976 8
0 0 0 L 93824992397704 4
0 0 0 L 140737488338224 8
0 0 2 L 93824992407040 4
0 0 -  I 93824992251360 64
0 0 -  I 93824992251369 64
0 0 3 L 140737488337976 8
0 0 0 L 93824992397708 4
0 0 0 L 140737488338224 8
0 0 2 L 93824992407132 4
0 0 -  I 93824992251360 64
0 0 -  I 93824992251369 64
0 0 3 L 140737488337976 8
0 0 0 L 93824992397712 4
0 0 0 L 140737488338224 8
0 0 2 L 93824992407140 4
0 0 -  I 93824992251393 64
0 0 3 L 93824992407140 4
0 0 4 S 93824992407140 4
0 0 -  I 93824992251401 64
0 0 -  I 93824992251414 64
0 0 9 S 93824992411732 4
0 0 -  I 93824992251442 64
0 0 -  I 93824992251369 64
0 0 0 L 140737488337976 8
0 0 0 L 93824992397236 4
0 0 0 L 140737488338224 8
0 0 2 L 93824992407028 4
0 0 -  I 93824992251360 64
0 0 -  I 93824992251369 64
0 0 3 L 140737488337976 8
0 0 0 L 93824992397240 4
0 0 0 L 140737488338224 8
0 0 2 L 93824992407032 4
0 0 -  I 93824992251360 64
0 0 -  I 93824992251369 64
0 0 3 L 140737488337976 8
0 0 0 L 93824992397244 4
0 0 0 L 140737488338224 8
0 0 2 L 93824992407136 4
0 0 -  I 93824992251360 64
0 0 -  I 93824992251369 64
0 0 3 L 140737488337976 8
0 0 0 L 93824992397248 4
0 0 0 L 140737488338224 8
0 0 2 L 93824992407140 4
0 0 -  I 93824992251360 64
0 0 -  I 93824992251369 64
0 0 3 L 140737488337976 8
0 0 0 L 93824992397252 4
0 0 0 L 140737488338224 8
0 0 2 L 93824992407144 4
0 0 -  I 93824992251393 64
0 0 3 L 93824992407144 4
0 0 4 S 93824992407144 4
0 0 -  I 93824992251401 64
0 0 -  I 93824992251414 64
0 0 9 S 93824992411728 4
0 0 -  I 93824992251442 64
0 0 -  I 93824992251369 64
0 0 0 L 140737488337976 8
0 0 0 L 93824992397744 4
0 0 0 L 140737488338224 8
0 0 2 L 93824992407032 4
0 0 -  I 93824992251360 64
0 0 -  I 93824992251369 64
0 0 3 L 140737488337976 8
0 0 0 L 93824992397748 4
0 0 0 L 140737488338224 8
0 0 2 L 93824992407144 4
0 0 -  I 93824992251360 64
0 0 -  I 93824992251369 64
0 0 3 L 140737488337976 8
0 0 0 L 93824992397752 4
0 0 0 L 140737488338224 8
0 0 2 L 93824992407152 4
0 0 -  I 93824992251360 64
0 0 -  I 93824992251442 64
0 0 -  I 93824992251369 64
0 0 0 L 140737488337976 8
0 0 0 L 93824992396164 4
0 0 0 L 140737488338224 8
0 0 2 L 93824992406820 4
0 0 -  I 93824992251393 64
0 0 3 L 93824992406820 4
0 0 4 S 93824992406820 4
0 0 -  I 93824992251401 64
0 0 -  I 93824992251414 64
0 0 9 S 93824992411728 4
0 0 -  I 93824992251369 64
0 0 3 L 140737488337976 8
0 0 0 L 93824992396168 4
0 0 0 L 140737488338224 8
0 0 2 L 93824992406844 4
0 0 -  I 93824992251393 64
0 0 3 L 93824992406844 4
0 0 4 S 93824992406844 4
0 0 -  I 93824992251401 64
0 0 -  I 93824992251414 64
0 0 9 S 93824992411732 4
0 0 -  I 93824992251369 64
0 0 3 L 140737488337976 8
0 0 0 L 93824992396172 4
0 0 0 L 140737488338224 8
0 0 2 L 93824992406852 4
0 0 -  I 93824992251393 64
0 0 3 L 93824992406852 4
0 0 4 S 93824992406852 4
0 0 -  I 93824992251401 64
0 0 -  I 93824992251414 64
0 0 9 S 93824992411736 4
0 0 -  I 93824992251369 64
0 0 3 L 140737488337976 8
0 0 0 L 93824992396176 4
0 0 0 L 140737488338224 8
0 0 2 L 93824992406856 4
0 0 -  I 93824992251393 64
0 0 3 L 93824992406856 4
0 0 4 S 93824992406856 4
0 0 -  I 93824992251401 64
0 0 -  I 93824992251414 64
0 0 9 S 93824992411740 4
0 0 -  I 93824992251369 64
0 0 3 L 140737488337976 8
0 0 0 L 93824992396180 4
0 0 0 L 140737488338224 8
0 0 2 L 93824992406884 4
0 0 -  I 93824992251393 64
0 0 3 L 93824992406884 4
0 0 4 S 93824992406884 4
0 0 -  I 93824992251401 64
0 0 -  I 93824992251414 64
0 0 9 S 93824992411744 4
0 0 -  I 93824992251369 64
0 0 3 L 140737488337976 8
0 0 0 L 93824992396184 4
0 0 0 L 140737488338224 8
0 0 2 L 93824992406888 4
0 0 -  I 93824992251393 64
0 0 3 L 93824992406888 4
0 0 4 S 93824992406888 4
0 0 -  I 93824992251401 64
0 0 -  I 93824992251414 64
0 0 9 S 93824992411748 4
0 0 -  I 93824992251369 64
0 0 3 L 140737488337976 8
0 0 0 L 93824992396188 4
0 0 0 L 140737488338224 8
0 0 2 L 93824992406892 4
0 0 -  I 93824992251393 64
0 0 3 L 93824992406892 4
0 0 4 S 93824992406892 4
0 0 -  I 93824992251401 64
0 0 -  I 93824992251414 64
0 0 9 S 93824992411752 4
0 0 -  I 93824992251442 64
0 0 -  I 93824992251369 64
0 0 0 L 140737488337976 8
0 0 0 L 93824992397596 4
0 0 0 L 140737488338224 8
0 0 2 L 93824992407108 4
0 0 -  I 93824992251360 64
0 0 -  I 93824992251369 64
0 0 3 L 140737488337976 8
0 0 0 L 93824992397600 4
0 0 0 L 140737488338224 8
0 0 2 L 93824992407116 4
0 0 -  I 93824992251360 64
0 0 -  I 93824992251442 64
0 0 -  I 93824992251369 64
0 0 0 L 140737488337976 8
0 0 0 L 93824992397476 4
0 0 0 L 140737488338224 8
0 0 2 L 93824992407080 4
0 0 -  I 93824992251393 64
0 0 3 L 93824992407080 4
0 0 4 S 93824992407080 4
0 0 -  I 93824992251401 64
0 0 -  I 93824992251414 64
0 0 9 S 93824992411728 4
0 0 -  I 93824992251369 64
0 0 3 L 140737488337976 8
0 0 0 L 93824992397480 4
0 0 0 L 140737488338224 8
0 0 2 L 93824992407088 4
0 0 -  I 93824992251393 64
0 0 3 L 93824992407088 4
0 0 4 S 93824992407088 4
0 0 -  I 93824992251401 64
0 0 -  I 93824992251414 64
0 0 9 S 93824992411732 4
0 0 -  I 93824992251442 64
0 0 -  I 93824992251369 64
0 0 0 L 140737488337976 8
0 0 0 L 93824992397460 4
0 0 0 L 140737488338224 8
0 0 2 L 93824992406964 4
0 0 -  I 93824992251393 64
0 0 3 L 93824992406964 4
0 0 4 S 93824992406964 4
0 0 -  I 93824992251401 64
0 0 -  I 93824992251414 64
0 0 9 S 93824992411728 4
0 0 -  I 93824992251369 64
0 0 3 L 140737488337976 8
0 0 0 L 93824992397464 4
0 0 0 L 140737488338224 8
0 0 2 L 93824992407076 4
0 0 -  I 93824992251393 64
0 0 3 L 93824992407076 4
0 0 4 S 93824992407076 4
0 0 -  I 93824992251401 64
0 0 -  I 93824992251414 64
0 0 9 S 93824992411732 4
0 0 -  I 93824992251369 64
0 0 3 L 140737488337976 8
0 0 0 L 93824992397468 4
0 0 0 L 140737488338224 8
0 0 2 L 93824992407084 4
0 0 -  I 93824992251360 64
0 0 -  I 93824992251369 64
0 0 3 L 140737488337976 8
0 0 0 L 93824992397472 4
0 0 0 L 140737488338224 8
0 0 2 L 93824992407088 4
0 0 -  I 93824992251360 64
0 0 -  I 93824992251442 64
0 0 -  I 93824992251369 64
0 0 0 L 140737488337976 8
0 0 0 L 93824992396848 4
0 0 0 L 140737488338224 8
0 0 2 L 93824992406920 4
0 0 -  I 93824992251393 64
0 0 3 L 93824992406920 4
0 0 4 S 93824992406920 4
0 0 -  I 93824992251401 64
0 0 -  I 93824992251414 64
0 0 9 S 93824992411728 4
0 0 -  I 93824992251369 64
0 0 3 L 140737488337976 8
0 0 0 L 93824992396852 4
0 0 0 L 140737488338224 8
0 0 2 L 93824992406924 4
0 0 -  I 93824992251393 64
0 0 3 L 93824992406924 4
0 0 4 S 93824992406924 4
0 0 -  I 93824992251401 64
0 0 -  I 93824992251414 64
0 0 9 S 93824992411732 4
0 0 -  I 93824992251369 64
0 0 3 L 140737488337976 8
0 0 0 L 93824992396856 4
0 0 0 L 140737488338224 8
0 0 2 L 93824992406928 4
0 0 -  I 93824992251393 64
0 0 3 L 93824992406928 4
0 0 4 S 93824992406928 4
0 0 -  I 93824992251401 64
0 0 -  I 93824992251414 64
0 0 9 S 93824992411736 4
0 0 -  I 93824992251369 64
0 0 3 L 140737488337976 8
0 0 0 L 93824992396860 4
0 0 0 L 140737488338224 8
0 0 2 L 93824992406960 4
0 0 -  I 93824992251393 64
0 0 3 L 93824992406960 4
0 0 4 S 93824992406960 4
0 0 -  I 93824992251401 64
0 0 -  I 93824992251414 64
0 0 9 S 93824992411740 4
0 0 -  I 93824992251369 64
0 0 3 L 140737488337976 8
0 0 0 L 93824992396864 4
0 0 0 L 140737488338224 8
0 0 2 L 93824992406964 4
0 0 -  I 93824992251360 64
0 0 -  I 93824992251369 64
0 0 3 L 140737488337976 8
0 0 0 L 93824992396868 4
0 0 0 L 140737488338224 8
0 0 2 L 93824992406972 4
0 0 -  I 93824992251393 64
0 0 3 L 93824992406972 4
0 0 4 S 93824992406972 4
0 0 -  I 93824992251401 64
0 0 -  I 93824992251414 64
0 0 9 S 93824992411744 4
0 0 -  I 93824992251369 64
0 0 3 L 140737488337976 8
0 0 0 L 93824992396872 4
0 0 0 L 140737488338224 8
0 0 2 L 93824992406976 4
0 0 -  I 93824992251360 64
0 0 -  I 93824992251369 64
0 0 3 L 140737488337976 8
0 0 0 L 93824992396876 4
0 0 0 L 140737488338224 8
0 0 2 L 93824992407088 4
0 0 -  I 93824992251360 64
0 0 -  I 93824992251369 64
0 0 3 L 140737488337976 8
0 0 0 L 93824992396880 4
0 0 0 L 140737488338224 8
0 0 2 L 93824992407092 4
0 0 -  I 93824992251360 64
0 0 -  I 93824992251442 64
0 0 -  I 93824992251369 64
0 0 0 L 140737488337976 8
0 0 0 L 93824992397692 4
0 0 0 L 140737488338224 8
0 0 2 L 93824992407020 4
0 0 -  I 93824992251360 64
0 0 -  I 93824992251369 64
0 0 3 L 140737488337976 8
0 0 0 L 93824992397696 4
0 0 0 L 140737488338224 8
0 0 2 L 93824992407028 4
0 0 -  I 93824992251360 64
0 0 -  I 93824992251369 64
0 0 3 L 140737488337976 8
0 0 0 L 93824992397700 4
0 0 0 L 140737488338224 8
0 0 2 L 93824992407036 4
0 0 -  I 93824992251393 64
0 0 3 L 93824992407036 4
0 0 4 S 93824992407036 4
0 0 -  I 93824992251401 64
0 0 -  I 93824992251414 64
0 0 9 S 93824992411728 4
0 0 -  I 93824992251369 64
0 0 3 L 140737488337976 8
0 0 0 L 93824992397704 4
0 0 0 L 140737488338224 8
0 0 2 L 93824992407040 4
0 0 -  I 93824992251360 64
0 0 -  I 93824992251369 64
0 0 3 L 140737488337976 8
0 0 0 L 93824992397708 4
0 0 0 L 140737488338224 8
0 0 2 L 93824992407132 4
0 0 -  I 93824992251360 64
0 0 -  I 93824992251369 64
0 0 3 L 140737488337976 8
0 0 0 L 93824992397712 4
0 0 0 L 140737488338224 8
0 0 2 L 93824992407140 4
0 0 -  I 93824992251393 64
0 0 3 L 93824992407140 4
0 0 4 S 93824992407140 4
0 0 -  I 93824992251401 64
0 0 -  I 93824992251414 64
0 0 9 S 93824992411732 4
0 0 -  I 93824992251442 64
0 0 -  I 93824992251369 64
0 0 0 L 140737488337976 8
0 0 0 L 93824992397212 4
0 0 0 L 140737488338224 8
0 0 2 L 93824992407024 4
0 0 -  I 93824992251360 64
0 0 -  I 93824992251369 64
0 0 3 L 140737488337976 8
0 0 0 L 93824992397216 4
0 0 0 L 140737488338224 8
0 0 2 L 93824992407028 4
0 0 -  I 93824992251360 64
0 0 -  I 93824992251369 64
0 0 3 L 140737488337976 8
0 0 0 L 93824992397220 4
0 0 0 L 140737488338224 8
0 0 2 L 93824992407036 4
0 0 -  I 93824992251360 64
0 0 -  I 93824992251369 64
0 0 3 L 140737488337976 8
0 0 0 L 93824992397224 4
0 0 0 L 140737488338224 8
0 0 2 L 93824992407144 4
0 0 -  I 93824992251393 64
0 0 3 L 93824992407144 4
0 0 4 S 93824992407144 4
0 0 -  I 93824992251401 64
0 0 -  I 93824992251414 64
0 0 9 S 93824992411728 4
0 0 -  I 93824992251369 64
0 0 3 L 140737488337976 8
0 0 0 L 93824992397228 4
0 0 0 L 140737488338224 8
0 0 2 L 93824992407148 4
0 0 -  I 93824992251393 64
0 0 3 L 93824992407148 4
0 0 4 S 93824992407148 4
0 0 -  I 93824992251401 64
0 0 -  I 93824992251414 64
0 0 9 S 93824992411732 4
0 0 -  I 93824992251369 64
0 0 3 L 140737488337976 8
0 0 0 L 93824992397232 4
0 0 0 L 140737488338224 8
0 0 2 L 93824992407152 4
0 0 -  I 93824992251360 64
0 0 -  I 93824992251442 64
0 0 -  I 93824992251369 64
0 0 0 L 140737488337976 8
0 0 0 L 93824992397728 4
0 0 0 L 140737488338224 8
0 0 2 L 93824992407032 4
0 0 -  I 93824992251360 64
0 0 -  I 93824992251369 64
0 0 3 L 140737488337976 8
0 0 0 L 93824992397732 4
0 0 0 L 140737488338224 8
0 0 2 L 93824992407036 4
0 0 -  I 93824992251360 64
0 0 -  I 93824992251369 64
0 0 3 L 140737488337976 8
0 0 0 L 93824992397736 4
0 0 0 L 140737488338224 8
0 0 2 L 93824992407140 4
0 0 -  I 93824992251360 64
0 0 -  I 93824992251369 64
0 0 3 L 140737488337976 8
0 0 0 L 93824992397740 4
0 0 0 L 140737488338224 8
0 0 2 L 93824992407148 4
0 0 -  I 93824992251360 64
0 0 -  I 93824992251442 64
