6 11 -  I 93824992251369 64
6 11 0 L 140737488337976 8
6 11 0 L 93824992397636 4
6 11 0 L 140737488338224 8
6 11 2 L 93824992413584 4
6 11 -  I 93824992251360 64
6 11 -  I 93824992251369 64
6 11 3 L 140737488337976 8
6 11 0 L 93824992397640 4
6 11 0 L 140737488338224 8
6 11 2 L 93824992413588 4
6 11 -  I 93824992251360 64
6 11 -  I 93824992251369 64
6 11 3 L 140737488337976 8
6 11 0 L 93824992397644 4
6 11 0 L 140737488338224 8
6 11 2 L 93824992413644 4
6 11 -  I 93824992251360 64
6 11 -  I 93824992251369 64
6 11 3 L 140737488337976 8
6 11 0 L 93824992397648 4
6 11 0 L 140737488338224 8
6 11 2 L 93824992413648 4
6 11 -  I 93824992251360 64
6 11 -  I 93824992251369 64
6 11 3 L 140737488337976 8
6 11 0 L 93824992397652 4
6 11 0 L 140737488338224 8
6 11 2 L 93824992413656 4
6 11 -  I 93824992251393 64
6 11 3 L 93824992413656 4
6 11 4 S 93824992413656 4
6 11 -  I 93824992251401 64
6 11 -  I 93824992251414 64
6 11 9 S 140736548834080 4
6 11 -  I 93824992251442 64
4 11 -  I 93824992251369 64
4 11 0 L 140737488337976 8
4 11 0 L 93824992397744 4
4 11 0 L 140737488338224 8
4 11 2 L 93824992413560 4
4 11 -  I 93824992251360 64
4 11 -  I 93824992251369 64
4 11 3 L 140737488337976 8
4 11 0 L 93824992397748 4
4 11 0 L 140737488338224 8
4 11 2 L 93824992413672 4
4 11 -  I 93824992251360 64
4 11 -  I 93824992251369 64
4 11 3 L 140737488337976 8
4 11 0 L 93824992397752 4
4 11 0 L 140737488338224 8
4 11 2 L 93824992413680 4
4 11 -  I 93824992251360 64
4 11 -  I 93824992251442 64
0 11 -  I 93824992251369 64
0 11 0 L 140737488337976 8
0 11 0 L 93824992396760 4
0 11 0 L 140737488338224 8
0 11 2 L 93824992413476 4
0 11 -  I 93824992251393 64
0 11 3 L 93824992413476 4
0 11 4 S 93824992413476 4
0 11 -  I 93824992251401 64
0 11 -  I 93824992251414 64
0 11 9 S 93824992418256 4
0 11 -  I 93824992251369 64
0 11 3 L 140737488337976 8
0 11 0 L 93824992396764 4
0 11 0 L 140737488338224 8
0 11 2 L 93824992413484 4
0 11 -  I 93824992251393 64
0 11 3 L 93824992413484 4
0 11 4 S 93824992413484 4
0 11 -  I 93824992251401 64
0 11 -  I 93824992251414 64
0 11 9 S 93824992418260 4
0 11 -  I 93824992251369 64
0 11 3 L 140737488337976 8
0 11 0 L 93824992396768 4
0 11 0 L 140737488338224 8
0 11 2 L 93824992413492 4
0 11 -  I 93824992251393 64
0 11 3 L 93824992413492 4
0 11 4 S 93824992413492 4
0 11 -  I 93824992251401 64
0 11 -  I 93824992251414 64
0 11 9 S 93824992418264 4
0 11 -  I 93824992251369 64
0 11 3 L 140737488337976 8
0 11 0 L 93824992396772 4
0 11 0 L 140737488338224 8
0 11 2 L 93824992413600 4
0 11 -  I 93824992251393 64
0 11 3 L 93824992413600 4
0 11 4 S 93824992413600 4
0 11 -  I 93824992251401 64
0 11 -  I 93824992251414 64
0 11 9 S 93824992418268 4
0 11 -  I 93824992251369 64
0 11 3 L 140737488337976 8
0 11 0 L 93824992396776 4
0 11 0 L 140737488338224 8
0 11 2 L 93824992413604 4
0 11 -  I 93824992251393 64
0 11 3 L 93824992413604 4
0 11 4 S 93824992413604 4
0 11 -  I 93824992251401 64
0 11 -  I 93824992251414 64
0 11 9 S 93824992418272 4
0 11 -  I 93824992251442 64
0 11 -  I 93824992251369 64
0 11 0 L 140737488337976 8
0 11 0 L 93824992396728 4
0 11 0 L 140737488338224 8
0 11 2 L 93824992413436 4
0 11 -  I 93824992251393 64
0 11 3 L 93824992413436 4
0 11 4 S 93824992413436 4
0 11 -  I 93824992251401 64
0 11 -  I 93824992251414 64
0 11 9 S 93824992418256 4
0 11 -  I 93824992251369 64
0 11 3 L 140737488337976 8
0 11 0 L 93824992396732 4
0 11 0 L 140737488338224 8
0 11 2 L 93824992413440 4
0 11 -  I 93824992251393 64
0 11 3 L 93824992413440 4
0 11 4 S 93824992413440 4
0 11 -  I 93824992251401 64
0 11 -  I 93824992251414 64
0 11 9 S 93824992418260 4
0 11 -  I 93824992251369 64
0 11 3 L 140737488337976 8
0 11 0 L 93824992396736 4
0 11 0 L 140737488338224 8
0 11 2 L 93824992413444 4
0 11 -  I 93824992251360 64
0 11 -  I 93824992251369 64
0 11 3 L 140737488337976 8
0 11 0 L 93824992396740 4
0 11 0 L 140737488338224 8
0 11 2 L 93824992413472 4
0 11 -  I 93824992251393 64
0 11 3 L 93824992413472 4
0 11 4 S 93824992413472 4
0 11 -  I 93824992251401 64
0 11 -  I 93824992251414 64
0 11 9 S 93824992418264 4
0 11 -  I 93824992251369 64
0 11 3 L 140737488337976 8
0 11 0 L 93824992396744 4
0 11 0 L 140737488338224 8
0 11 2 L 93824992413480 4
0 11 -  I 93824992251360 64
0 11 -  I 93824992251369 64
0 11 3 L 140737488337976 8
0 11 0 L 93824992396748 4
0 11 0 L 140737488338224 8
0 11 2 L 93824992413484 4
0 11 -  I 93824992251360 64
0 11 -  I 93824992251369 64
0 11 3 L 140737488337976 8
0 11 0 L 93824992396752 4
0 11 0 L 140737488338224 8
0 11 2 L 93824992413596 4
0 11 -  I 93824992251360 64
0 11 -  I 93824992251369 64
0 11 3 L 140737488337976 8
0 11 0 L 93824992396756 4
0 11 0 L 140737488338224 8
0 11 2 L 93824992413600 4
0 11 -  I 93824992251360 64
0 11 -  I 93824992251442 64
5 11 -  I 93824992251369 64
5 11 0 L 140737488337976 8
5 11 0 L 93824992397672 4
5 11 0 L 140737488338224 8
5 11 2 L 93824992413568 4
5 11 -  I 93824992251393 64
5 11 3 L 93824992413568 4
5 11 4 S 93824992413568 4
5 11 -  I 93824992251401 64
5 11 -  I 93824992251414 64
5 11 9 S 140736280398624 4
5 11 -  I 93824992251369 64
5 11 3 L 140737488337976 8
5 11 0 L 93824992397676 4
5 11 0 L 140737488338224 8
5 11 2 L 93824992413572 4
5 11 -  I 93824992251360 64
5 11 -  I 93824992251369 64
5 11 3 L 140737488337976 8
5 11 0 L 93824992397680 4
5 11 0 L 140737488338224 8
5 11 2 L 93824992413576 4
5 11 -  I 93824992251360 64
5 11 -  I 93824992251369 64
5 11 3 L 140737488337976 8
5 11 0 L 93824992397684 4
5 11 0 L 140737488338224 8
5 11 2 L 93824992413656 4
5 11 -  I 93824992251360 64
5 11 -  I 93824992251369 64
5 11 3 L 140737488337976 8
5 11 0 L 93824992397688 4
5 11 0 L 140737488338224 8
5 11 2 L 93824992413664 4
5 11 -  I 93824992251393 64
5 11 3 L 93824992413664 4
5 11 4 S 93824992413664 4
5 11 -  I 93824992251401 64
5 11 -  I 93824992251414 64
5 11 9 S 140736280398628 4
5 11 -  I 93824992251442 64
4 11 -  I 93824992251369 64
4 11 0 L 140737488337976 8
4 11 0 L 93824992396992 4
4 11 0 L 140737488338224 8
4 11 2 L 93824992413364 4
4 11 -  I 93824992251360 64
4 11 -  I 93824992251369 64
4 11 3 L 140737488337976 8
4 11 0 L 93824992396996 4
4 11 0 L 140737488338224 8
4 11 2 L 93824992413392 4
4 11 -  I 93824992251360 64
4 11 -  I 93824992251369 64
4 11 3 L 140737488337976 8
4 11 0 L 93824992397000 4
4 11 0 L 140737488338224 8
4 11 2 L 93824992413396 4
4 11 -  I 93824992251393 64
4 11 3 L 93824992413396 4
4 11 4 S 93824992413396 4
4 11 -  I 93824992251401 64
4 11 -  I 93824992251414 64
4 11 9 S 140736011963168 4
4 11 -  I 93824992251369 64
4 11 3 L 140737488337976 8
4 11 0 L 93824992397004 4
4 11 0 L 140737488338224 8
4 11 2 L 93824992413516 4
4 11 -  I 93824992251360 64
4 11 -  I 93824992251369 64
4 11 3 L 140737488337976 8
4 11 0 L 93824992397008 4
4 11 0 L 140737488338224 8
4 11 2 L 93824992413524 4
4 11 -  I 93824992251393 64
4 11 3 L 93824992413524 4
4 11 4 S 93824992413524 4
4 11 -  I 93824992251401 64
4 11 -  I 93824992251414 64
4 11 9 S 140736011963172 4
4 11 -  I 93824992251369 64
4 11 3 L 140737488337976 8
4 11 0 L 93824992397012 4
4 11 0 L 140737488338224 8
4 11 2 L 93824992413548 4
4 11 -  I 93824992251360 64
4 11 -  I 93824992251369 64
4 11 3 L 140737488337976 8
4 11 0 L 93824992397016 4
4 11 0 L 140737488338224 8
4 11 2 L 93824992413568 4
4 11 -  I 93824992251360 64
4 11 -  I 93824992251442 64
4 11 -  I 93824992251369 64
4 11 0 L 140737488337976 8
4 11 0 L 93824992397484 4
4 11 0 L 140737488338224 8
4 11 2 L 93824992413492 4
4 11 -  I 93824992251393 64
4 11 3 L 93824992413492 4
4 11 4 S 93824992413492 4
4 11 -  I 93824992251401 64
4 11 -  I 93824992251414 64
4 11 9 S 140736011963168 4
4 11 -  I 93824992251369 64
4 11 3 L 140737488337976 8
4 11 0 L 93824992397488 4
4 11 0 L 140737488338224 8
4 11 2 L 93824992413496 4
4 11 -  I 93824992251393 64
4 11 3 L 93824992413496 4
4 11 4 S 93824992413496 4
4 11 -  I 93824992251401 64
4 11 -  I 93824992251414 64
4 11 9 S 140736011963172 4
4 11 -  I 93824992251369 64
4 11 3 L 140737488337976 8
4 11 0 L 93824992397492 4
4 11 0 L 140737488338224 8
4 11 2 L 93824992413608 4
4 11 -  I 93824992251360 64
4 11 -  I 93824992251369 64
4 11 3 L 140737488337976 8
4 11 0 L 93824992397496 4
4 11 0 L 140737488338224 8
4 11 2 L 93824992413612 4
4 11 -  I 93824992251360 64
4 11 -  I 93824992251369 64
4 11 3 L 140737488337976 8
4 11 0 L 93824992397500 4
4 11 0 L 140737488338224 8
4 11 2 L 93824992413620 4
4 11 -  I 93824992251393 64
4 11 3 L 93824992413620 4
4 11 4 S 93824992413620 4
4 11 -  I 93824992251401 64
4 11 -  I 93824992251414 64
4 11 9 S 140736011963176 4
4 11 -  I 93824992251442 64
4 11 -  I 93824992251369 64
4 11 0 L 140737488337976 8
4 11 0 L 93824992396820 4
4 11 0 L 140737488338224 8
4 11 2 L 93824992413480 4
4 11 -  I 93824992251360 64
4 11 -  I 93824992251369 64
4 11 3 L 140737488337976 8
4 11 0 L 93824992396824 4
4 11 0 L 140737488338224 8
4 11 2 L 93824992413484 4
4 11 -  I 93824992251393 64
4 11 3 L 93824992413484 4
4 11 4 S 93824992413484 4
4 11 -  I 93824992251401 64
4 11 -  I 93824992251414 64
4 11 9 S 140736011963168 4
4 11 -  I 93824992251369 64
4 11 3 L 140737488337976 8
4 11 0 L 93824992396828 4
4 11 0 L 140737488338224 8
4 11 2 L 93824992413488 4
4 11 -  I 93824992251360 64
4 11 -  I 93824992251369 64
4 11 3 L 140737488337976 8
4 11 0 L 93824992396832 4
4 11 0 L 140737488338224 8
4 11 2 L 93824992413496 4
4 11 -  I 93824992251360 64
4 11 -  I 93824992251369 64
4 11 3 L 140737488337976 8
4 11 0 L 93824992396836 4
4 11 0 L 140737488338224 8
4 11 2 L 93824992413604 4
4 11 -  I 93824992251360 64
4 11 -  I 93824992251369 64
4 11 3 L 140737488337976 8
4 11 0 L 93824992396840 4
4 11 0 L 140737488338224 8
4 11 2 L 93824992413608 4
4 11 -  I 93824992251360 64
4 11 -  I 93824992251369 64
4 11 3 L 140737488337976 8
4 11 0 L 93824992396844 4
4 11 0 L 140737488338224 8
4 11 2 L 93824992413616 4
4 11 -  I 93824992251360 64
4 11 -  I 93824992251442 64
