0 12 -  I 93824992251369 64
0 12 0 L 140737488337976 8
0 12 0 L 93824992397304 4
0 12 0 L 140737488338224 8
0 12 2 L 93824992413532 4
0 12 -  I 93824992251393 64
0 12 3 L 93824992413532 4
0 12 4 S 93824992413532 4
0 12 -  I 93824992251401 64
0 12 -  I 93824992251414 64
0 12 9 S 93824992418256 4
0 12 -  I 93824992251369 64
0 12 3 L 140737488337976 8
0 12 0 L 93824992397308 4
0 12 0 L 140737488338224 8
0 12 2 L 93824992413536 4
0 12 -  I 93824992251393 64
0 12 3 L 93824992413536 4
0 12 4 S 93824992413536 4
0 12 -  I 93824992251401 64
0 12 -  I 93824992251414 64
0 12 9 S 93824992418260 4
0 12 -  I 93824992251369 64
0 12 3 L 140737488337976 8
0 12 0 L 93824992397312 4
0 12 0 L 140737488338224 8
0 12 2 L 93824992413572 4
0 12 -  I 93824992251393 64
0 12 3 L 93824992413572 4
0 12 4 S 93824992413572 4
0 12 -  I 93824992251401 64
0 12 -  I 93824992251414 64
0 12 9 S 93824992418264 4
0 12 -  I 93824992251369 64
0 12 3 L 140737488337976 8
0 12 0 L 93824992397316 4
0 12 0 L 140737488338224 8
0 12 2 L 93824992413580 4
0 12 -  I 93824992251360 64
0 12 -  I 93824992251369 64
0 12 3 L 140737488337976 8
0 12 0 L 93824992397320 4
0 12 0 L 140737488338224 8
0 12 2 L 93824992413584 4
0 12 -  I 93824992251360 64
0 12 -  I 93824992251369 64
0 12 3 L 140737488337976 8
0 12 0 L 93824992397324 4
0 12 0 L 140737488338224 8
0 12 2 L 93824992413656 4
0 12 -  I 93824992251360 64
0 12 -  I 93824992251369 64
0 12 3 L 140737488337976 8
0 12 0 L 93824992397328 4
0 12 0 L 140737488338224 8
0 12 2 L 93824992413660 4
0 12 -  I 93824992251360 64
0 12 -  I 93824992251442 64
5 12 -  I 93824992251369 64
5 12 0 L 140737488337976 8
5 12 0 L 93824992396728 4
5 12 0 L 140737488338224 8
5 12 2 L 93824992413436 4
5 12 -  I 93824992251360 64
5 12 -  I 93824992251369 64
5 12 3 L 140737488337976 8
5 12 0 L 93824992396732 4
5 12 0 L 140737488338224 8
5 12 2 L 93824992413440 4
5 12 -  I 93824992251360 64
5 12 -  I 93824992251369 64
5 12 3 L 140737488337976 8
5 12 0 L 93824992396736 4
5 12 0 L 140737488338224 8
5 12 2 L 93824992413444 4
5 12 -  I 93824992251360 64
5 12 -  I 93824992251369 64
5 12 3 L 140737488337976 8
5 12 0 L 93824992396740 4
5 12 0 L 140737488338224 8
5 12 2 L 93824992413472 4
5 12 -  I 93824992251360 64
5 12 -  I 93824992251369 64
5 12 3 L 140737488337976 8
5 12 0 L 93824992396744 4
5 12 0 L 140737488338224 8
5 12 2 L 93824992413480 4
5 12 -  I 93824992251360 64
5 12 -  I 93824992251369 64
5 12 3 L 140737488337976 8
5 12 0 L 93824992396748 4
5 12 0 L 140737488338224 8
5 12 2 L 93824992413484 4
5 12 -  I 93824992251360 64
5 12 -  I 93824992251369 64
5 12 3 L 140737488337976 8
5 12 0 L 93824992396752 4
5 12 0 L 140737488338224 8
5 12 2 L 93824992413596 4
5 12 -  I 93824992251360 64
5 12 -  I 93824992251369 64
5 12 3 L 140737488337976 8
5 12 0 L 93824992396756 4
5 12 0 L 140737488338224 8
5 12 2 L 93824992413600 4
5 12 -  I 93824992251360 64
5 12 -  I 93824992251442 64
5 12 -  I 93824992251369 64
5 12 0 L 140737488337976 8
5 12 0 L 93824992397672 4
5 12 0 L 140737488338224 8
5 12 2 L 93824992413568 4
5 12 -  I 93824992251393 64
5 12 3 L 93824992413568 4
5 12 4 S 93824992413568 4
5 12 -  I 93824992251401 64
5 12 -  I 93824992251414 64
5 12 9 S 140736280398624 4
5 12 -  I 93824992251369 64
5 12 3 L 140737488337976 8
5 12 0 L 93824992397676 4
5 12 0 L 140737488338224 8
5 12 2 L 93824992413572 4
5 12 -  I 93824992251360 64
5 12 -  I 93824992251369 64
5 12 3 L 140737488337976 8
5 12 0 L 93824992397680 4
5 12 0 L 140737488338224 8
5 12 2 L 93824992413576 4
5 12 -  I 93824992251360 64
5 12 -  I 93824992251369 64
5 12 3 L 140737488337976 8
5 12 0 L 93824992397684 4
5 12 0 L 140737488338224 8
5 12 2 L 93824992413656 4
5 12 -  I 93824992251360 64
5 12 -  I 93824992251369 64
5 12 3 L 140737488337976 8
5 12 0 L 93824992397688 4
5 12 0 L 140737488338224 8
5 12 2 L 93824992413664 4
5 12 -  I 93824992251393 64
5 12 3 L 93824992413664 4
5 12 4 S 93824992413664 4
5 12 -  I 93824992251401 64
5 12 -  I 93824992251414 64
5 12 9 S 140736280398628 4
5 12 -  I 93824992251442 64
