5 13 -  I 93824992251369 64
5 13 0 L 140737488337976 8
5 13 0 L 93824992396164 4
5 13 0 L 140737488338224 8
5 13 2 L 93824992413348 4
5 13 -  I 93824992251360 64
5 13 -  I 93824992251369 64
5 13 3 L 140737488337976 8
5 13 0 L 93824992396168 4
5 13 0 L 140737488338224 8
5 13 2 L 93824992413372 4
5 13 -  I 93824992251393 64
5 13 3 L 93824992413372 4
5 13 4 S 93824992413372 4
5 13 -  I 93824992251401 64
5 13 -  I 93824992251414 64
5 13 9 S 140736280398624 4
5 13 -  I 93824992251369 64
5 13 3 L 140737488337976 8
5 13 0 L 93824992396172 4
5 13 0 L 140737488338224 8
5 13 2 L 93824992413380 4
5 13 -  I 93824992251360 64
5 13 -  I 93824992251369 64
5 13 3 L 140737488337976 8
5 13 0 L 93824992396176 4
5 13 0 L 140737488338224 8
5 13 2 L 93824992413384 4
5 13 -  I 93824992251360 64
5 13 -  I 93824992251369 64
5 13 3 L 140737488337976 8
5 13 0 L 93824992396180 4
5 13 0 L 140737488338224 8
5 13 2 L 93824992413412 4
5 13 -  I 93824992251393 64
5 13 3 L 93824992413412 4
5 13 4 S 93824992413412 4
5 13 -  I 93824992251401 64
5 13 -  I 93824992251414 64
5 13 9 S 140736280398628 4
5 13 -  I 93824992251369 64
5 13 3 L 140737488337976 8
5 13 0 L 93824992396184 4
5 13 0 L 140737488338224 8
5 13 2 L 93824992413416 4
5 13 -  I 93824992251393 64
5 13 3 L 93824992413416 4
5 13 4 S 93824992413416 4
5 13 -  I 93824992251401 64
5 13 -  I 93824992251414 64
5 13 9 S 140736280398632 4
5 13 -  I 93824992251369 64
5 13 3 L 140737488337976 8
5 13 0 L 93824992396188 4
5 13 0 L 140737488338224 8
5 13 2 L 93824992413420 4
5 13 -  I 93824992251393 64
5 13 3 L 93824992413420 4
5 13 4 S 93824992413420 4
5 13 -  I 93824992251401 64
5 13 -  I 93824992251414 64
5 13 9 S 140736280398636 4
5 13 -  I 93824992251442 64
16 13 -  I 93824992251369 64
16 13 0 L 140737488337976 8
16 13 0 L 93824992396848 4
16 13 0 L 140737488338224 8
16 13 2 L 93824992413448 4
16 13 -  I 93824992251393 64
16 13 3 L 93824992413448 4
16 13 4 S 93824992413448 4
16 13 -  I 93824992251401 64
16 13 -  I 93824992251414 64
16 13 9 S 140736011963168 4
16 13 -  I 93824992251369 64
16 13 3 L 140737488337976 8
16 13 0 L 93824992396852 4
16 13 0 L 140737488338224 8
16 13 2 L 93824992413452 4
16 13 -  I 93824992251393 64
16 13 3 L 93824992413452 4
16 13 4 S 93824992413452 4
16 13 -  I 93824992251401 64
16 13 -  I 93824992251414 64
16 13 9 S 140736011963172 4
16 13 -  I 93824992251369 64
16 13 3 L 140737488337976 8
16 13 0 L 93824992396856 4
16 13 0 L 140737488338224 8
16 13 2 L 93824992413456 4
16 13 -  I 93824992251393 64
16 13 3 L 93824992413456 4
16 13 4 S 93824992413456 4
16 13 -  I 93824992251401 64
16 13 -  I 93824992251414 64
16 13 9 S 140736011963176 4
16 13 -  I 93824992251369 64
16 13 3 L 140737488337976 8
16 13 0 L 93824992396860 4
16 13 0 L 140737488338224 8
16 13 2 L 93824992413488 4
16 13 -  I 93824992251360 64
16 13 -  I 93824992251369 64
16 13 3 L 140737488337976 8
16 13 0 L 93824992396864 4
16 13 0 L 140737488338224 8
16 13 2 L 93824992413492 4
16 13 -  I 93824992251360 64
16 13 -  I 93824992251369 64
16 13 3 L 140737488337976 8
16 13 0 L 93824992396868 4
16 13 0 L 140737488338224 8
16 13 2 L 93824992413500 4
16 13 -  I 93824992251393 64
16 13 3 L 93824992413500 4
16 13 4 S 93824992413500 4
16 13 -  I 93824992251401 64
16 13 -  I 93824992251414 64
16 13 9 S 140736011963180 4
16 13 -  I 93824992251369 64
16 13 3 L 140737488337976 8
16 13 0 L 93824992396872 4
16 13 0 L 140737488338224 8
16 13 2 L 93824992413504 4
16 13 -  I 93824992251393 64
16 13 3 L 93824992413504 4
16 13 4 S 93824992413504 4
16 13 -  I 93824992251401 64
16 13 -  I 93824992251414 64
16 13 9 S 140736011963184 4
16 13 -  I 93824992251369 64
16 13 3 L 140737488337976 8
16 13 0 L 93824992396876 4
16 13 0 L 140737488338224 8
16 13 2 L 93824992413616 4
16 13 -  I 93824992251360 64
16 13 -  I 93824992251369 64
16 13 3 L 140737488337976 8
16 13 0 L 93824992396880 4
16 13 0 L 140737488338224 8
16 13 2 L 93824992413620 4
16 13 -  I 93824992251360 64
16 13 -  I 93824992251442 64
5 13 -  I 93824992251369 64
5 13 0 L 140737488337976 8
5 13 0 L 93824992397756 4
5 13 0 L 140737488338224 8
5 13 2 L 93824992413552 4
5 13 -  I 93824992251360 64
5 13 -  I 93824992251369 64
5 13 3 L 140737488337976 8
5 13 0 L 93824992397760 4
5 13 0 L 140737488338224 8
5 13 2 L 93824992413560 4
5 13 -  I 93824992251360 64
5 13 -  I 93824992251369 64
5 13 3 L 140737488337976 8
5 13 0 L 93824992397764 4
5 13 0 L 140737488338224 8
5 13 2 L 93824992413676 4
5 13 -  I 93824992251360 64
5 13 -  I 93824992251442 64
