8 0 -  I 93824992251369 64
8 0 0 L 140737488337976 8
8 0 0 L 93824992397728 4
8 0 0 L 140737488338224 8
8 0 2 L 93824992413560 4
8 0 -  I 93824992251360 64
8 0 -  I 93824992251369 64
8 0 3 L 140737488337976 8
8 0 0 L 93824992397732 4
8 0 0 L 140737488338224 8
8 0 2 L 93824992413564 4
8 0 -  I 93824992251360 64
8 0 -  I 93824992251369 64
8 0 3 L 140737488337976 8
8 0 0 L 93824992397736 4
8 0 0 L 140737488338224 8
8 0 2 L 93824992413668 4
8 0 -  I 93824992251360 64
8 0 -  I 93824992251369 64
8 0 3 L 140737488337976 8
8 0 0 L 93824992397740 4
8 0 0 L 140737488338224 8
8 0 2 L 93824992413676 4
8 0 -  I 93824992251360 64
8 0 -  I 93824992251442 64
0 0 -  I 93824992251369 64
0 0 0 L 140737488337976 8
0 0 0 L 93824992397596 4
0 0 0 L 140737488338224 8
0 0 2 L 93824992413636 4
0 0 -  I 93824992251393 64
0 0 3 L 93824992413636 4
0 0 4 S 93824992413636 4
0 0 -  I 93824992251401 64
0 0 -  I 93824992251414 64
0 0 9 S 93824992418256 4
0 0 -  I 93824992251369 64
0 0 3 L 140737488337976 8
0 0 0 L 93824992397600 4
0 0 0 L 140737488338224 8
0 0 2 L 93824992413644 4
0 0 -  I 93824992251393 64
0 0 3 L 93824992413644 4
0 0 4 S 93824992413644 4
0 0 -  I 93824992251401 64
0 0 -  I 93824992251414 64
0 0 9 S 93824992418260 4
0 0 -  I 93824992251442 64
0 0 -  I 93824992251369 64
0 0 0 L 140737488337976 8
0 0 0 L 93824992397580 4
0 0 0 L 140737488338224 8
0 0 2 L 93824992413588 4
0 0 -  I 93824992251393 64
0 0 3 L 93824992413588 4
0 0 4 S 93824992413588 4
0 0 -  I 93824992251401 64
0 0 -  I 93824992251414 64
0 0 9 S 93824992418256 4
0 0 -  I 93824992251369 64
0 0 3 L 140737488337976 8
0 0 0 L 93824992397584 4
0 0 0 L 140737488338224 8
0 0 2 L 93824992413632 4
0 0 -  I 93824992251393 64
0 0 3 L 93824992413632 4
0 0 4 S 93824992413632 4
0 0 -  I 93824992251401 64
0 0 -  I 93824992251414 64
0 0 9 S 93824992418260 4
0 0 -  I 93824992251369 64
0 0 3 L 140737488337976 8
0 0 0 L 93824992397588 4
0 0 0 L 140737488338224 8
0 0 2 L 93824992413640 4
0 0 -  I 93824992251360 64
0 0 -  I 93824992251369 64
0 0 3 L 140737488337976 8
0 0 0 L 93824992397592 4
0 0 0 L 140737488338224 8
0 0 2 L 93824992413644 4
0 0 -  I 93824992251360 64
0 0 -  I 93824992251442 64
0 0 -  I 93824992251369 64
0 0 0 L 140737488337976 8
0 0 0 L 93824992397380 4
0 0 0 L 140737488338224 8
0 0 2 L 93824992413584 4
0 0 -  I 93824992251360 64
0 0 -  I 93824992251369 64
0 0 3 L 140737488337976 8
0 0 0 L 93824992397384 4
0 0 0 L 140737488338224 8
0 0 2 L 93824992413632 4
0 0 -  I 93824992251360 64
0 0 -  I 93824992251369 64
0 0 3 L 140737488337976 8
0 0 0 L 93824992397388 4
0 0 0 L 140737488338224 8
0 0 2 L 93824992413636 4
0 0 -  I 93824992251360 64
0 0 -  I 93824992251369 64
0 0 3 L 140737488337976 8
0 0 0 L 93824992397392 4
0 0 0 L 140737488338224 8
0 0 2 L 93824992413644 4
0 0 -  I 93824992251360 64
0 0 -  I 93824992251369 64
0 0 3 L 140737488337976 8
0 0 0 L 93824992397396 4
0 0 0 L 140737488338224 8
0 0 2 L 93824992413652 4
0 0 -  I 93824992251360 64
0 0 -  I 93824992251442 64
0 0 -  I 93824992251369 64
0 0 0 L 140737488337976 8
0 0 0 L 93824992397400 4
0 0 0 L 140737488338224 8
0 0 2 L 93824992413472 4
0 0 -  I 93824992251360 64
0 0 -  I 93824992251369 64
0 0 3 L 140737488337976 8
0 0 0 L 93824992397404 4
0 0 0 L 140737488338224 8
0 0 2 L 93824992413596 4
0 0 -  I 93824992251360 64
0 0 -  I 93824992251442 64
0 0 -  I 93824992251369 64
0 0 0 L 140737488337976 8
0 0 0 L 93824992396032 4
0 0 0 L 140737488338224 8
0 0 2 L 93824992413344 4
0 0 -  I 93824992251393 64
0 0 3 L 93824992413344 4
0 0 4 S 93824992413344 4
0 0 -  I 93824992251401 64
0 0 -  I 93824992251414 64
0 0 9 S 93824992418256 4
0 0 -  I 93824992251369 64
0 0 3 L 140737488337976 8
0 0 0 L 93824992396036 4
0 0 0 L 140737488338224 8
0 0 2 L 93824992413352 4
0 0 -  I 93824992251393 64
0 0 3 L 93824992413352 4
0 0 4 S 93824992413352 4
0 0 -  I 93824992251401 64
0 0 -  I 93824992251414 64
0 0 9 S 93824992418260 4
0 0 -  I 93824992251369 64
0 0 3 L 140737488337976 8
0 0 0 L 93824992396040 4
0 0 0 L 140737488338224 8
0 0 2 L 93824992413372 4
0 0 -  I 93824992251393 64
0 0 3 L 93824992413372 4
0 0 4 S 93824992413372 4
0 0 -  I 93824992251401 64
0 0 -  I 93824992251414 64
0 0 9 S 93824992418264 4
0 0 -  I 93824992251369 64
0 0 3 L 140737488337976 8
0 0 0 L 93824992396044 4
0 0 0 L 140737488338224 8
0 0 2 L 93824992413376 4
0 0 -  I 93824992251393 64
0 0 3 L 93824992413376 4
0 0 4 S 93824992413376 4
0 0 -  I 93824992251401 64
0 0 -  I 93824992251414 64
0 0 9 S 93824992418268 4
0 0 -  I 93824992251369 64
0 0 3 L 140737488337976 8
0 0 0 L 93824992396048 4
0 0 0 L 140737488338224 8
0 0 2 L 93824992413380 4
0 0 -  I 93824992251393 64
0 0 3 L 93824992413380 4
0 0 4 S 93824992413380 4
0 0 -  I 93824992251401 64
0 0 -  I 93824992251414 64
0 0 9 S 93824992418272 4
0 0 -  I 93824992251442 64
0 0 -  I 93824992251369 64
0 0 0 L 140737488337976 8
0 0 0 L 93824992396016 4
0 0 0 L 140737488338224 8
0 0 2 L 93824992413348 4
0 0 -  I 93824992251360 64
0 0 -  I 93824992251369 64
0 0 3 L 140737488337976 8
0 0 0 L 93824992396020 4
0 0 0 L 140737488338224 8
0 0 2 L 93824992413364 4
0 0 -  I 93824992251393 64
0 0 3 L 93824992413364 4
0 0 4 S 93824992413364 4
0 0 -  I 93824992251401 64
0 0 -  I 93824992251414 64
0 0 9 S 93824992418256 4
0 0 -  I 93824992251369 64
0 0 3 L 140737488337976 8
0 0 0 L 93824992396024 4
0 0 0 L 140737488338224 8
0 0 2 L 93824992413368 4
0 0 -  I 93824992251360 64
0 0 -  I 93824992251369 64
0 0 3 L 140737488337976 8
0 0 0 L 93824992396028 4
0 0 0 L 140737488338224 8
0 0 2 L 93824992413372 4
0 0 -  I 93824992251360 64
0 0 -  I 93824992251442 64
0 0 -  I 93824992251369 64
0 0 0 L 140737488337976 8
0 0 0 L 93824992397628 4
0 0 0 L 140737488338224 8
0 0 2 L 93824992413644 4
0 0 -  I 93824992251360 64
0 0 -  I 93824992251369 64
0 0 3 L 140737488337976 8
0 0 0 L 93824992397632 4
0 0 0 L 140737488338224 8
0 0 2 L 93824992413652 4
0 0 -  I 93824992251360 64
0 0 -  I 93824992251442 64
0 0 -  I 93824992251369 64
0 0 0 L 140737488337976 8
0 0 0 L 93824992396504 4
0 0 0 L 140737488338224 8
0 0 2 L 93824992413424 4
0 0 -  I 93824992251393 64
0 0 3 L 93824992413424 4
0 0 4 S 93824992413424 4
0 0 -  I 93824992251401 64
0 0 -  I 93824992251414 64
0 0 9 S 93824992418256 4
0 0 -  I 93824992251369 64
0 0 3 L 140737488337976 8
0 0 0 L 93824992396508 4
0 0 0 L 140737488338224 8
0 0 2 L 93824992413428 4
0 0 -  I 93824992251393 64
0 0 3 L 93824992413428 4
0 0 4 S 93824992413428 4
0 0 -  I 93824992251401 64
0 0 -  I 93824992251414 64
0 0 9 S 93824992418260 4
0 0 -  I 93824992251369 64
0 0 3 L 140737488337976 8
0 0 0 L 93824992396512 4
0 0 0 L 140737488338224 8
0 0 2 L 93824992413432 4
0 0 -  I 93824992251393 64
0 0 3 L 93824992413432 4
0 0 4 S 93824992413432 4
0 0 -  I 93824992251401 64
0 0 -  I 93824992251414 64
0 0 9 S 93824992418264 4
0 0 -  I 93824992251369 64
0 0 3 L 140737488337976 8
0 0 0 L 93824992396516 4
0 0 0 L 140737488338224 8
0 0 2 L 93824992413440 4
0 0 -  I 93824992251393 64
0 0 3 L 93824992413440 4
0 0 4 S 93824992413440 4
0 0 -  I 93824992251401 64
0 0 -  I 93824992251414 64
0 0 9 S 93824992418268 4
0 0 -  I 93824992251369 64
0 0 3 L 140737488337976 8
0 0 0 L 93824992396520 4
0 0 0 L 140737488338224 8
0 0 2 L 93824992413468 4
0 0 -  I 93824992251393 64
0 0 3 L 93824992413468 4
0 0 4 S 93824992413468 4
0 0 -  I 93824992251401 64
0 0 -  I 93824992251414 64
0 0 9 S 93824992418272 4
0 0 -  I 93824992251369 64
0 0 3 L 140737488337976 8
0 0 0 L 93824992396524 4
0 0 0 L 140737488338224 8
0 0 2 L 93824992413472 4
0 0 -  I 93824992251393 64
0 0 3 L 93824992413472 4
0 0 4 S 93824992413472 4
0 0 -  I 93824992251401 64
0 0 -  I 93824992251414 64
0 0 9 S 93824992418276 4
0 0 -  I 93824992251369 64
0 0 3 L 140737488337976 8
0 0 0 L 93824992396528 4
0 0 0 L 140737488338224 8
0 0 2 L 93824992413476 4
0 0 -  I 93824992251393 64
0 0 3 L 93824992413476 4
0 0 4 S 93824992413476 4
0 0 -  I 93824992251401 64
0 0 -  I 93824992251414 64
0 0 9 S 93824992418280 4
0 0 -  I 93824992251442 64
0 0 -  I 93824992251369 64
0 0 0 L 140737488337976 8
0 0 0 L 93824992396504 4
0 0 0 L 140737488338224 8
0 0 2 L 93824992413424 4
0 0 -  I 93824992251393 64
0 0 3 L 93824992413424 4
0 0 4 S 93824992413424 4
0 0 -  I 93824992251401 64
0 0 -  I 93824992251414 64
0 0 9 S 93824992418256 4
0 0 -  I 93824992251369 64
0 0 3 L 140737488337976 8
0 0 0 L 93824992396508 4
0 0 0 L 140737488338224 8
0 0 2 L 93824992413428 4
0 0 -  I 93824992251393 64
0 0 3 L 93824992413428 4
0 0 4 S 93824992413428 4
0 0 -  I 93824992251401 64
0 0 -  I 93824992251414 64
0 0 9 S 93824992418260 4
0 0 -  I 93824992251369 64
0 0 3 L 140737488337976 8
0 0 0 L 93824992396512 4
0 0 0 L 140737488338224 8
0 0 2 L 93824992413432 4
0 0 -  I 93824992251393 64
0 0 3 L 93824992413432 4
0 0 4 S 93824992413432 4
0 0 -  I 93824992251401 64
0 0 -  I 93824992251414 64
0 0 9 S 93824992418264 4
0 0 -  I 93824992251369 64
0 0 3 L 140737488337976 8
0 0 0 L 93824992396516 4
0 0 0 L 140737488338224 8
0 0 2 L 93824992413440 4
0 0 -  I 93824992251393 64
0 0 3 L 93824992413440 4
0 0 4 S 93824992413440 4
0 0 -  I 93824992251401 64
0 0 -  I 93824992251414 64
0 0 9 S 93824992418268 4
0 0 -  I 93824992251369 64
0 0 3 L 140737488337976 8
0 0 0 L 93824992396520 4
0 0 0 L 140737488338224 8
0 0 2 L 93824992413468 4
0 0 -  I 93824992251393 64
0 0 3 L 93824992413468 4
0 0 4 S 93824992413468 4
0 0 -  I 93824992251401 64
0 0 -  I 93824992251414 64
0 0 9 S 93824992418272 4
0 0 -  I 93824992251369 64
0 0 3 L 140737488337976 8
0 0 0 L 93824992396524 4
0 0 0 L 140737488338224 8
0 0 2 L 93824992413472 4
0 0 -  I 93824992251393 64
0 0 3 L 93824992413472 4
0 0 4 S 93824992413472 4
0 0 -  I 93824992251401 64
0 0 -  I 93824992251414 64
0 0 9 S 93824992418276 4
0 0 -  I 93824992251369 64
0 0 3 L 140737488337976 8
0 0 0 L 93824992396528 4
0 0 0 L 140737488338224 8
0 0 2 L 93824992413476 4
0 0 -  I 93824992251393 64
0 0 3 L 93824992413476 4
0 0 4 S 93824992413476 4
0 0 -  I 93824992251401 64
0 0 -  I 93824992251414 64
0 0 9 S 93824992418280 4
0 0 -  I 93824992251442 64
0 0 -  I 93824992251369 64
0 0 0 L 140737488337976 8
0 0 0 L 93824992397728 4
0 0 0 L 140737488338224 8
0 0 2 L 93824992413560 4
0 0 -  I 93824992251360 64
0 0 -  I 93824992251369 64
0 0 3 L 140737488337976 8
0 0 0 L 93824992397732 4
0 0 0 L 140737488338224 8
0 0 2 L 93824992413564 4
0 0 -  I 93824992251360 64
0 0 -  I 93824992251369 64
0 0 3 L 140737488337976 8
0 0 0 L 93824992397736 4
0 0 0 L 140737488338224 8
0 0 2 L 93824992413668 4
0 0 -  I 93824992251360 64
0 0 -  I 93824992251369 64
0 0 3 L 140737488337976 8
0 0 0 L 93824992397740 4
0 0 0 L 140737488338224 8
0 0 2 L 93824992413676 4
0 0 -  I 93824992251360 64
0 0 -  I 93824992251442 64
0 0 -  I 93824992251369 64
0 0 0 L 140737488337976 8
0 0 0 L 93824992397692 4
0 0 0 L 140737488338224 8
0 0 2 L 93824992413548 4
0 0 -  I 93824992251360 64
0 0 -  I 93824992251369 64
0 0 3 L 140737488337976 8
0 0 0 L 93824992397696 4
0 0 0 L 140737488338224 8
0 0 2 L 93824992413556 4
0 0 -  I 93824992251360 64
0 0 -  I 93824992251369 64
0 0 3 L 140737488337976 8
0 0 0 L 93824992397700 4
0 0 0 L 140737488338224 8
0 0 2 L 93824992413564 4
0 0 -  I 93824992251360 64
0 0 -  I 93824992251369 64
0 0 3 L 140737488337976 8
0 0 0 L 93824992397704 4
0 0 0 L 140737488338224 8
0 0 2 L 93824992413568 4
0 0 -  I 93824992251360 64
0 0 -  I 93824992251369 64
0 0 3 L 140737488337976 8
0 0 0 L 93824992397708 4
0 0 0 L 140737488338224 8
0 0 2 L 93824992413660 4
0 0 -  I 93824992251360 64
0 0 -  I 93824992251369 64
0 0 3 L 140737488337976 8
0 0 0 L 93824992397712 4
0 0 0 L 140737488338224 8
0 0 2 L 93824992413668 4
0 0 -  I 93824992251393 64
0 0 3 L 93824992413668 4
0 0 4 S 93824992413668 4
0 0 -  I 93824992251401 64
0 0 -  I 93824992251414 64
0 0 9 S 93824992418256 4
0 0 -  I 93824992251442 64
0 0 -  I 93824992251369 64
0 0 0 L 140737488337976 8
0 0 0 L 93824992397756 4
0 0 0 L 140737488338224 8
0 0 2 L 93824992413552 4
0 0 -  I 93824992251360 64
0 0 -  I 93824992251369 64
0 0 3 L 140737488337976 8
0 0 0 L 93824992397760 4
0 0 0 L 140737488338224 8
0 0 2 L 93824992413560 4
0 0 -  I 93824992251360 64
0 0 -  I 93824992251369 64
0 0 3 L 140737488337976 8
0 0 0 L 93824992397764 4
0 0 0 L 140737488338224 8
0 0 2 L 93824992413676 4
0 0 -  I 93824992251360 64
0 0 -  I 93824992251442 64
0 0 -  I 93824992251369 64
0 0 0 L 140737488337976 8
0 0 0 L 93824992397656 4
0 0 0 L 140737488338224 8
0 0 2 L 93824992413576 4
0 0 -  I 93824992251393 64
0 0 3 L 93824992413576 4
0 0 4 S 93824992413576 4
0 0 -  I 93824992251401 64
0 0 -  I 93824992251414 64
0 0 9 S 93824992418256 4
0 0 -  I 93824992251369 64
0 0 3 L 140737488337976 8
0 0 0 L 93824992397660 4
0 0 0 L 140737488338224 8
0 0 2 L 93824992413584 4
0 0 -  I 93824992251393 64
0 0 3 L 93824992413584 4
0 0 4 S 93824992413584 4
0 0 -  I 93824992251401 64
0 0 -  I 93824992251414 64
0 0 9 S 93824992418260 4
0 0 -  I 93824992251369 64
0 0 3 L 140737488337976 8
0 0 0 L 93824992397664 4
0 0 0 L 140737488338224 8
0 0 2 L 93824992413652 4
0 0 -  I 93824992251393 64
0 0 3 L 93824992413652 4
0 0 4 S 93824992413652 4
0 0 -  I 93824992251401 64
0 0 -  I 93824992251414 64
0 0 9 S 93824992418264 4
0 0 -  I 93824992251369 64
0 0 3 L 140737488337976 8
0 0 0 L 93824992397668 4
0 0 0 L 140737488338224 8
0 0 2 L 93824992413660 4
0 0 -  I 93824992251393 64
0 0 3 L 93824992413660 4
0 0 4 S 93824992413660 4
0 0 -  I 93824992251401 64
0 0 -  I 93824992251414 64
0 0 9 S 93824992418268 4
0 0 -  I 93824992251442 64
0 0 -  I 93824992251369 64
0 0 0 L 140737488337976 8
0 0 0 L 93824992396692 4
0 0 0 L 140737488338224 8
0 0 2 L 93824992413432 4
0 0 -  I 93824992251360 64
0 0 -  I 93824992251369 64
0 0 3 L 140737488337976 8
0 0 0 L 93824992396696 4
0 0 0 L 140737488338224 8
0 0 2 L 93824992413436 4
0 0 -  I 93824992251360 64
0 0 -  I 93824992251369 64
0 0 3 L 140737488337976 8
0 0 0 L 93824992396700 4
0 0 0 L 140737488338224 8
0 0 2 L 93824992413472 4
0 0 -  I 93824992251360 64
0 0 -  I 93824992251369 64
0 0 3 L 140737488337976 8
0 0 0 L 93824992396704 4
0 0 0 L 140737488338224 8
0 0 2 L 93824992413596 4
0 0 -  I 93824992251360 64
0 0 -  I 93824992251442 64
0 0 -  I 93824992251369 64
0 0 0 L 140737488337976 8
0 0 0 L 93824992397400 4
0 0 0 L 140737488338224 8
0 0 2 L 93824992413472 4
0 0 -  I 93824992251360 64
0 0 -  I 93824992251369 64
0 0 3 L 140737488337976 8
0 0 0 L 93824992397404 4
0 0 0 L 140737488338224 8
0 0 2 L 93824992413596 4
0 0 -  I 93824992251360 64
0 0 -  I 93824992251442 64
0 0 -  I 93824992251369 64
0 0 0 L 140737488337976 8
0 0 0 L 93824992396436 4
0 0 0 L 140737488338224 8
0 0 2 L 93824992413384 4
0 0 -  I 93824992251393 64
0 0 3 L 93824992413384 4
0 0 4 S 93824992413384 4
0 0 -  I 93824992251401 64
0 0 -  I 93824992251414 64
0 0 9 S 93824992418256 4
0 0 -  I 93824992251369 64
0 0 3 L 140737488337976 8
0 0 0 L 93824992396440 4
0 0 0 L 140737488338224 8
0 0 2 L 93824992413420 4
0 0 -  I 93824992251393 64
0 0 3 L 93824992413420 4
0 0 4 S 93824992413420 4
0 0 -  I 93824992251401 64
0 0 -  I 93824992251414 64
0 0 9 S 93824992418260 4
0 0 -  I 93824992251369 64
0 0 3 L 140737488337976 8
0 0 0 L 93824992396444 4
0 0 0 L 140737488338224 8
0 0 2 L 93824992413428 4
0 0 -  I 93824992251393 64
0 0 3 L 93824992413428 4
0 0 4 S 93824992413428 4
0 0 -  I 93824992251401 64
0 0 -  I 93824992251414 64
0 0 9 S 93824992418264 4
0 0 -  I 93824992251369 64
0 0 3 L 140737488337976 8
0 0 0 L 93824992396448 4
0 0 0 L 140737488338224 8
0 0 2 L 93824992413436 4
0 0 -  I 93824992251393 64
0 0 3 L 93824992413436 4
0 0 4 S 93824992413436 4
0 0 -  I 93824992251401 64
0 0 -  I 93824992251414 64
0 0 9 S 93824992418268 4
0 0 -  I 93824992251369 64
0 0 3 L 140737488337976 8
0 0 0 L 93824992396452 4
0 0 0 L 140737488338224 8
0 0 2 L 93824992413440 4
0 0 -  I 93824992251393 64
0 0 3 L 93824992413440 4
0 0 4 S 93824992413440 4
0 0 -  I 93824992251401 64
0 0 -  I 93824992251414 64
0 0 9 S 93824992418272 4
0 0 -  I 93824992251369 64
0 0 3 L 140737488337976 8
0 0 0 L 93824992396456 4
0 0 0 L 140737488338224 8
0 0 2 L 93824992413444 4
0 0 -  I 93824992251393 64
0 0 3 L 93824992413444 4
0 0 4 S 93824992413444 4
0 0 -  I 93824992251401 64
0 0 -  I 93824992251414 64
0 0 9 S 93824992418276 4
0 0 -  I 93824992251369 64
0 0 3 L 140737488337976 8
0 0 0 L 93824992396460 4
0 0 0 L 140737488338224 8
0 0 2 L 93824992413448 4
0 0 -  I 93824992251393 64
0 0 3 L 93824992413448 4
0 0 4 S 93824992413448 4
0 0 -  I 93824992251401 64
0 0 -  I 93824992251414 64
0 0 9 S 93824992418280 4
0 0 -  I 93824992251442 64
0 0 -  I 93824992251369 64
0 0 0 L 140737488337976 8
0 0 0 L 93824992397728 4
0 0 0 L 140737488338224 8
0 0 2 L 93824992413560 4
0 0 -  I 93824992251360 64
0 0 -  I 93824992251369 64
0 0 3 L 140737488337976 8
0 0 0 L 93824992397732 4
0 0 0 L 140737488338224 8
0 0 2 L 93824992413564 4
0 0 -  I 93824992251360 64
0 0 -  I 93824992251369 64
0 0 3 L 140737488337976 8
0 0 0 L 93824992397736 4
0 0 0 L 140737488338224 8
0 0 2 L 93824992413668 4
0 0 -  I 93824992251360 64
0 0 -  I 93824992251369 64
0 0 3 L 140737488337976 8
0 0 0 L 93824992397740 4
0 0 0 L 140737488338224 8
0 0 2 L 93824992413676 4
0 0 -  I 93824992251360 64
0 0 -  I 93824992251442 64
0 0 -  I 93824992251369 64
0 0 0 L 140737488337976 8
0 0 0 L 93824992396972 4
0 0 0 L 140737488338224 8
0 0 2 L 93824992413392 4
0 0 -  I 93824992251393 64
0 0 3 L 93824992413392 4
0 0 4 S 93824992413392 4
0 0 -  I 93824992251401 64
0 0 -  I 93824992251414 64
0 0 9 S 93824992418256 4
0 0 -  I 93824992251369 64
0 0 3 L 140737488337976 8
0 0 0 L 93824992396976 4
0 0 0 L 140737488338224 8
0 0 2 L 93824992413520 4
0 0 -  I 93824992251393 64
0 0 3 L 93824992413520 4
0 0 4 S 93824992413520 4
0 0 -  I 93824992251401 64
0 0 -  I 93824992251414 64
0 0 9 S 93824992418260 4
0 0 -  I 93824992251369 64
0 0 3 L 140737488337976 8
0 0 0 L 93824992396980 4
0 0 0 L 140737488338224 8
0 0 2 L 93824992413548 4
0 0 -  I 93824992251393 64
0 0 3 L 93824992413548 4
0 0 4 S 93824992413548 4
0 0 -  I 93824992251401 64
0 0 -  I 93824992251414 64
0 0 9 S 93824992418264 4
0 0 -  I 93824992251369 64
0 0 3 L 140737488337976 8
0 0 0 L 93824992396984 4
0 0 0 L 140737488338224 8
0 0 2 L 93824992413552 4
0 0 -  I 93824992251393 64
0 0 3 L 93824992413552 4
0 0 4 S 93824992413552 4
0 0 -  I 93824992251401 64
0 0 -  I 93824992251414 64
0 0 9 S 93824992418268 4
0 0 -  I 93824992251369 64
0 0 3 L 140737488337976 8
0 0 0 L 93824992396988 4
0 0 0 L 140737488338224 8
0 0 2 L 93824992413556 4
0 0 -  I 93824992251393 64
0 0 3 L 93824992413556 4
0 0 4 S 93824992413556 4
0 0 -  I 93824992251401 64
0 0 -  I 93824992251414 64
0 0 9 S 93824992418272 4
0 0 -  I 93824992251442 64
0 0 -  I 93824992251369 64
0 0 0 L 140737488337976 8
0 0 0 L 93824992396260 4
0 0 0 L 140737488338224 8
0 0 2 L 93824992413364 4
0 0 -  I 93824992251393 64
0 0 3 L 93824992413364 4
0 0 4 S 93824992413364 4
0 0 -  I 93824992251401 64
0 0 -  I 93824992251414 64
0 0 9 S 93824992418256 4
0 0 -  I 93824992251369 64
0 0 3 L 140737488337976 8
0 0 0 L 93824992396264 4
0 0 0 L 140737488338224 8
0 0 2 L 93824992413516 4
0 0 -  I 93824992251360 64
0 0 -  I 93824992251369 64
0 0 3 L 140737488337976 8
0 0 0 L 93824992396268 4
0 0 0 L 140737488338224 8
0 0 2 L 93824992413520 4
0 0 -  I 93824992251360 64
0 0 -  I 93824992251442 64
0 0 -  I 93824992251369 64
0 0 0 L 140737488337976 8
0 0 0 L 93824992397428 4
0 0 0 L 140737488338224 8
0 0 2 L 93824992413476 4
0 0 -  I 93824992251360 64
0 0 -  I 93824992251369 64
0 0 3 L 140737488337976 8
0 0 0 L 93824992397432 4
0 0 0 L 140737488338224 8
0 0 2 L 93824992413480 4
0 0 -  I 93824992251360 64
0 0 -  I 93824992251369 64
0 0 3 L 140737488337976 8
0 0 0 L 93824992397436 4
0 0 0 L 140737488338224 8
0 0 2 L 93824992413596 4
0 0 -  I 93824992251393 64
0 0 3 L 93824992413596 4
0 0 4 S 93824992413596 4
0 0 -  I 93824992251401 64
0 0 -  I 93824992251414 64
0 0 9 S 93824992418256 4
0 0 -  I 93824992251369 64
0 0 3 L 140737488337976 8
0 0 0 L 93824992397440 4
0 0 0 L 140737488338224 8
0 0 2 L 93824992413604 4
0 0 -  I 93824992251360 64
0 0 -  I 93824992251442 64
0 0 -  I 93824992251369 64
0 0 0 L 140737488337976 8
0 0 0 L 93824992397408 4
0 0 0 L 140737488338224 8
0 0 2 L 93824992413468 4
0 0 -  I 93824992251360 64
0 0 -  I 93824992251369 64
0 0 3 L 140737488337976 8
0 0 0 L 93824992397412 4
0 0 0 L 140737488338224 8
0 0 2 L 93824992413472 4
0 0 -  I 93824992251360 64
0 0 -  I 93824992251369 64
0 0 3 L 140737488337976 8
0 0 0 L 93824992397416 4
0 0 0 L 140737488338224 8
0 0 2 L 93824992413476 4
0 0 -  I 93824992251360 64
0 0 -  I 93824992251369 64
0 0 3 L 140737488337976 8
0 0 0 L 93824992397420 4
0 0 0 L 140737488338224 8
0 0 2 L 93824992413592 4
0 0 -  I 93824992251360 64
0 0 -  I 93824992251369 64
0 0 3 L 140737488337976 8
0 0 0 L 93824992397424 4
0 0 0 L 140737488338224 8
0 0 2 L 93824992413600 4
0 0 -  I 93824992251360 64
0 0 -  I 93824992251442 64
0 0 -  I 93824992251369 64
0 0 0 L 140737488337976 8
0 0 0 L 93824992397556 4
0 0 0 L 140737488338224 8
0 0 2 L 93824992413540 4
0 0 -  I 93824992251393 64
0 0 3 L 93824992413540 4
0 0 4 S 93824992413540 4
0 0 -  I 93824992251401 64
0 0 -  I 93824992251414 64
0 0 9 S 93824992418256 4
0 0 -  I 93824992251369 64
0 0 3 L 140737488337976 8
0 0 0 L 93824992397560 4
0 0 0 L 140737488338224 8
0 0 2 L 93824992413544 4
0 0 -  I 93824992251393 64
0 0 3 L 93824992413544 4
0 0 4 S 93824992413544 4
0 0 -  I 93824992251401 64
0 0 -  I 93824992251414 64
0 0 9 S 93824992418260 4
0 0 -  I 93824992251369 64
0 0 3 L 140737488337976 8
0 0 0 L 93824992397564 4
0 0 0 L 140737488338224 8
0 0 2 L 93824992413584 4
0 0 -  I 93824992251393 64
0 0 3 L 93824992413584 4
0 0 4 S 93824992413584 4
0 0 -  I 93824992251401 64
0 0 -  I 93824992251414 64
0 0 9 S 93824992418264 4
0 0 -  I 93824992251369 64
0 0 3 L 140737488337976 8
0 0 0 L 93824992397568 4
0 0 0 L 140737488338224 8
0 0 2 L 93824992413588 4
0 0 -  I 93824992251393 64
0 0 3 L 93824992413588 4
0 0 4 S 93824992413588 4
0 0 -  I 93824992251401 64
0 0 -  I 93824992251414 64
0 0 9 S 93824992418268 4
0 0 -  I 93824992251369 64
0 0 3 L 140737488337976 8
0 0 0 L 93824992397572 4
0 0 0 L 140737488338224 8
0 0 2 L 93824992413628 4
0 0 -  I 93824992251393 64
0 0 3 L 93824992413628 4
0 0 4 S 93824992413628 4
0 0 -  I 93824992251401 64
0 0 -  I 93824992251414 64
0 0 9 S 93824992418272 4
0 0 -  I 93824992251369 64
0 0 3 L 140737488337976 8
0 0 0 L 93824992397576 4
0 0 0 L 140737488338224 8
0 0 2 L 93824992413636 4
0 0 -  I 93824992251393 64
0 0 3 L 93824992413636 4
0 0 4 S 93824992413636 4
0 0 -  I 93824992251401 64
0 0 -  I 93824992251414 64
0 0 9 S 93824992418276 4
0 0 -  I 93824992251442 64
0 0 -  I 93824992251369 64
0 0 0 L 140737488337976 8
0 0 0 L 93824992397400 4
0 0 0 L 140737488338224 8
0 0 2 L 93824992413472 4
0 0 -  I 93824992251360 64
0 0 -  I 93824992251369 64
0 0 3 L 140737488337976 8
0 0 0 L 93824992397404 4
0 0 0 L 140737488338224 8
0 0 2 L 93824992413596 4
0 0 -  I 93824992251360 64
0 0 -  I 93824992251442 64
0 0 -  I 93824992251369 64
0 0 0 L 140737488337976 8
0 0 0 L 93824992396296 4
0 0 0 L 140737488338224 8
0 0 2 L 93824992413368 4
0 0 -  I 93824992251393 64
0 0 3 L 93824992413368 4
0 0 4 S 93824992413368 4
0 0 -  I 93824992251401 64
0 0 -  I 93824992251414 64
0 0 9 S 93824992418256 4
0 0 -  I 93824992251369 64
0 0 3 L 140737488337976 8
0 0 0 L 93824992396300 4
0 0 0 L 140737488338224 8
0 0 2 L 93824992413396 4
0 0 -  I 93824992251393 64
0 0 3 L 93824992413396 4
0 0 4 S 93824992413396 4
0 0 -  I 93824992251401 64
0 0 -  I 93824992251414 64
0 0 9 S 93824992418260 4
0 0 -  I 93824992251369 64
0 0 3 L 140737488337976 8
0 0 0 L 93824992396304 4
0 0 0 L 140737488338224 8
0 0 2 L 93824992413404 4
0 0 -  I 93824992251393 64
0 0 3 L 93824992413404 4
0 0 4 S 93824992413404 4
0 0 -  I 93824992251401 64
0 0 -  I 93824992251414 64
0 0 9 S 93824992418264 4
0 0 -  I 93824992251369 64
0 0 3 L 140737488337976 8
0 0 0 L 93824992396308 4
0 0 0 L 140737488338224 8
0 0 2 L 93824992413408 4
0 0 -  I 93824992251393 64
0 0 3 L 93824992413408 4
0 0 4 S 93824992413408 4
0 0 -  I 93824992251401 64
0 0 -  I 93824992251414 64
0 0 9 S 93824992418268 4
0 0 -  I 93824992251369 64
0 0 3 L 140737488337976 8
0 0 0 L 93824992396312 4
0 0 0 L 140737488338224 8
0 0 2 L 93824992413464 4
0 0 -  I 93824992251393 64
0 0 3 L 93824992413464 4
0 0 4 S 93824992413464 4
0 0 -  I 93824992251401 64
0 0 -  I 93824992251414 64
0 0 9 S 93824992418272 4
0 0 -  I 93824992251369 64
0 0 3 L 140737488337976 8
0 0 0 L 93824992396316 4
0 0 0 L 140737488338224 8
0 0 2 L 93824992413528 4
0 0 -  I 93824992251393 64
0 0 3 L 93824992413528 4
0 0 4 S 93824992413528 4
0 0 -  I 93824992251401 64
0 0 -  I 93824992251414 64
0 0 9 S 93824992418276 4
0 0 -  I 93824992251369 64
0 0 3 L 140737488337976 8
0 0 0 L 93824992396320 4
0 0 0 L 140737488338224 8
0 0 2 L 93824992413532 4
0 0 -  I 93824992251393 64
0 0 3 L 93824992413532 4
0 0 4 S 93824992413532 4
0 0 -  I 93824992251401 64
0 0 -  I 93824992251414 64
0 0 9 S 93824992418280 4
0 0 -  I 93824992251442 64
0 0 -  I 93824992251369 64
0 0 0 L 140737488337976 8
0 0 0 L 93824992397408 4
0 0 0 L 140737488338224 8
0 0 2 L 93824992413468 4
0 0 -  I 93824992251360 64
0 0 -  I 93824992251369 64
0 0 3 L 140737488337976 8
0 0 0 L 93824992397412 4
0 0 0 L 140737488338224 8
0 0 2 L 93824992413472 4
0 0 -  I 93824992251360 64
0 0 -  I 93824992251369 64
0 0 3 L 140737488337976 8
0 0 0 L 93824992397416 4
0 0 0 L 140737488338224 8
0 0 2 L 93824992413476 4
0 0 -  I 93824992251360 64
0 0 -  I 93824992251369 64
0 0 3 L 140737488337976 8
0 0 0 L 93824992397420 4
0 0 0 L 140737488338224 8
0 0 2 L 93824992413592 4
0 0 -  I 93824992251360 64
0 0 -  I 93824992251369 64
0 0 3 L 140737488337976 8
0 0 0 L 93824992397424 4
0 0 0 L 140737488338224 8
0 0 2 L 93824992413600 4
0 0 -  I 93824992251360 64
0 0 -  I 93824992251442 64
0 0 -  I 93824992251369 64
0 0 0 L 140737488337976 8
0 0 0 L 93824992397400 4
0 0 0 L 140737488338224 8
0 0 2 L 93824992413472 4
0 0 -  I 93824992251360 64
0 0 -  I 93824992251369 64
0 0 3 L 140737488337976 8
0 0 0 L 93824992397404 4
0 0 0 L 140737488338224 8
0 0 2 L 93824992413596 4
0 0 -  I 93824992251360 64
0 0 -  I 93824992251442 64
0 0 -  I 93824992251369 64
0 0 0 L 140737488337976 8
0 0 0 L 93824992396192 4
0 0 0 L 140737488338224 8
0 0 2 L 93824992413348 4
0 0 -  I 93824992251393 64
0 0 3 L 93824992413348 4
0 0 4 S 93824992413348 4
0 0 -  I 93824992251401 64
0 0 -  I 93824992251414 64
0 0 9 S 93824992418256 4
0 0 -  I 93824992251369 64
0 0 3 L 140737488337976 8
0 0 0 L 93824992396196 4
0 0 0 L 140737488338224 8
0 0 2 L 93824992413352 4
0 0 -  I 93824992251393 64
0 0 3 L 93824992413352 4
0 0 4 S 93824992413352 4
0 0 -  I 93824992251401 64
0 0 -  I 93824992251414 64
0 0 9 S 93824992418260 4
0 0 -  I 93824992251369 64
0 0 3 L 140737488337976 8
0 0 0 L 93824992396200 4
0 0 0 L 140737488338224 8
0 0 2 L 93824992413356 4
0 0 -  I 93824992251393 64
0 0 3 L 93824992413356 4
0 0 4 S 93824992413356 4
0 0 -  I 93824992251401 64
0 0 -  I 93824992251414 64
0 0 9 S 93824992418264 4
0 0 -  I 93824992251369 64
0 0 3 L 140737488337976 8
0 0 0 L 93824992396204 4
0 0 0 L 140737488338224 8
0 0 2 L 93824992413376 4
0 0 -  I 93824992251393 64
0 0 3 L 93824992413376 4
0 0 4 S 93824992413376 4
0 0 -  I 93824992251401 64
0 0 -  I 93824992251414 64
0 0 9 S 93824992418268 4
0 0 -  I 93824992251369 64
0 0 3 L 140737488337976 8
0 0 0 L 93824992396208 4
0 0 0 L 140737488338224 8
0 0 2 L 93824992413384 4
0 0 -  I 93824992251393 64
0 0 3 L 93824992413384 4
0 0 4 S 93824992413384 4
0 0 -  I 93824992251401 64
0 0 -  I 93824992251414 64
0 0 9 S 93824992418272 4
0 0 -  I 93824992251442 64
0 0 -  I 93824992251369 64
0 0 0 L 140737488337976 8
0 0 0 L 93824992396032 4
0 0 0 L 140737488338224 8
0 0 2 L 93824992413344 4
0 0 -  I 93824992251393 64
0 0 3 L 93824992413344 4
0 0 4 S 93824992413344 4
0 0 -  I 93824992251401 64
0 0 -  I 93824992251414 64
0 0 9 S 93824992418256 4
0 0 -  I 93824992251369 64
0 0 3 L 140737488337976 8
0 0 0 L 93824992396036 4
0 0 0 L 140737488338224 8
0 0 2 L 93824992413352 4
0 0 -  I 93824992251360 64
0 0 -  I 93824992251369 64
0 0 3 L 140737488337976 8
0 0 0 L 93824992396040 4
0 0 0 L 140737488338224 8
0 0 2 L 93824992413372 4
0 0 -  I 93824992251360 64
0 0 -  I 93824992251369 64
0 0 3 L 140737488337976 8
0 0 0 L 93824992396044 4
0 0 0 L 140737488338224 8
0 0 2 L 93824992413376 4
0 0 -  I 93824992251360 64
0 0 -  I 93824992251369 64
0 0 3 L 140737488337976 8
0 0 0 L 93824992396048 4
0 0 0 L 140737488338224 8
0 0 2 L 93824992413380 4
0 0 -  I 93824992251360 64
0 0 -  I 93824992251442 64
0 0 -  I 93824992251369 64
0 0 0 L 140737488337976 8
0 0 0 L 93824992397628 4
0 0 0 L 140737488338224 8
0 0 2 L 93824992413644 4
0 0 -  I 93824992251360 64
0 0 -  I 93824992251369 64
0 0 3 L 140737488337976 8
0 0 0 L 93824992397632 4
0 0 0 L 140737488338224 8
0 0 2 L 93824992413652 4
0 0 -  I 93824992251360 64
0 0 -  I 93824992251442 64
0 0 -  I 93824992251369 64
0 0 0 L 140737488337976 8
0 0 0 L 93824992396692 4
0 0 0 L 140737488338224 8
0 0 2 L 93824992413432 4
0 0 -  I 93824992251360 64
0 0 -  I 93824992251369 64
0 0 3 L 140737488337976 8
0 0 0 L 93824992396696 4
0 0 0 L 140737488338224 8
0 0 2 L 93824992413436 4
0 0 -  I 93824992251360 64
0 0 -  I 93824992251369 64
0 0 3 L 140737488337976 8
0 0 0 L 93824992396700 4
0 0 0 L 140737488338224 8
0 0 2 L 93824992413472 4
0 0 -  I 93824992251360 64
0 0 -  I 93824992251369 64
0 0 3 L 140737488337976 8
0 0 0 L 93824992396704 4
0 0 0 L 140737488338224 8
0 0 2 L 93824992413596 4
0 0 -  I 93824992251360 64
0 0 -  I 93824992251442 64
0 0 -  I 93824992251369 64
0 0 0 L 140737488337976 8
0 0 0 L 93824992397400 4
0 0 0 L 140737488338224 8
0 0 2 L 93824992413472 4
0 0 -  I 93824992251360 64
0 0 -  I 93824992251369 64
0 0 3 L 140737488337976 8
0 0 0 L 93824992397404 4
0 0 0 L 140737488338224 8
0 0 2 L 93824992413596 4
0 0 -  I 93824992251360 64
0 0 -  I 93824992251442 64
0 0 -  I 93824992251369 64
0 0 0 L 140737488337976 8
0 0 0 L 93824992397484 4
0 0 0 L 140737488338224 8
0 0 2 L 93824992413492 4
0 0 -  I 93824992251393 64
0 0 3 L 93824992413492 4
0 0 4 S 93824992413492 4
0 0 -  I 93824992251401 64
0 0 -  I 93824992251414 64
0 0 9 S 93824992418256 4
0 0 -  I 93824992251369 64
0 0 3 L 140737488337976 8
0 0 0 L 93824992397488 4
0 0 0 L 140737488338224 8
0 0 2 L 93824992413496 4
0 0 -  I 93824992251393 64
0 0 3 L 93824992413496 4
0 0 4 S 93824992413496 4
0 0 -  I 93824992251401 64
0 0 -  I 93824992251414 64
0 0 9 S 93824992418260 4
0 0 -  I 93824992251369 64
0 0 3 L 140737488337976 8
0 0 0 L 93824992397492 4
0 0 0 L 140737488338224 8
0 0 2 L 93824992413608 4
0 0 -  I 93824992251393 64
0 0 3 L 93824992413608 4
0 0 4 S 93824992413608 4
0 0 -  I 93824992251401 64
0 0 -  I 93824992251414 64
0 0 9 S 93824992418264 4
0 0 -  I 93824992251369 64
0 0 3 L 140737488337976 8
0 0 0 L 93824992397496 4
0 0 0 L 140737488338224 8
0 0 2 L 93824992413612 4
0 0 -  I 93824992251393 64
0 0 3 L 93824992413612 4
0 0 4 S 93824992413612 4
0 0 -  I 93824992251401 64
0 0 -  I 93824992251414 64
0 0 9 S 93824992418268 4
0 0 -  I 93824992251369 64
0 0 3 L 140737488337976 8
0 0 0 L 93824992397500 4
0 0 0 L 140737488338224 8
0 0 2 L 93824992413620 4
0 0 -  I 93824992251393 64
0 0 3 L 93824992413620 4
0 0 4 S 93824992413620 4
0 0 -  I 93824992251401 64
0 0 -  I 93824992251414 64
0 0 9 S 93824992418272 4
0 0 -  I 93824992251442 64
0 0 -  I 93824992251369 64
0 0 0 L 140737488337976 8
0 0 0 L 93824992396820 4
0 0 0 L 140737488338224 8
0 0 2 L 93824992413480 4
0 0 -  I 93824992251393 64
0 0 3 L 93824992413480 4
0 0 4 S 93824992413480 4
0 0 -  I 93824992251401 64
0 0 -  I 93824992251414 64
0 0 9 S 93824992418256 4
0 0 -  I 93824992251369 64
0 0 3 L 140737488337976 8
0 0 0 L 93824992396824 4
0 0 0 L 140737488338224 8
0 0 2 L 93824992413484 4
0 0 -  I 93824992251393 64
0 0 3 L 93824992413484 4
0 0 4 S 93824992413484 4
0 0 -  I 93824992251401 64
0 0 -  I 93824992251414 64
0 0 9 S 93824992418260 4
0 0 -  I 93824992251369 64
0 0 3 L 140737488337976 8
0 0 0 L 93824992396828 4
0 0 0 L 140737488338224 8
0 0 2 L 93824992413488 4
0 0 -  I 93824992251393 64
0 0 3 L 93824992413488 4
0 0 4 S 93824992413488 4
0 0 -  I 93824992251401 64
0 0 -  I 93824992251414 64
0 0 9 S 93824992418264 4
0 0 -  I 93824992251369 64
0 0 3 L 140737488337976 8
0 0 0 L 93824992396832 4
0 0 0 L 140737488338224 8
0 0 2 L 93824992413496 4
0 0 -  I 93824992251360 64
0 0 -  I 93824992251369 64
0 0 3 L 140737488337976 8
0 0 0 L 93824992396836 4
0 0 0 L 140737488338224 8
0 0 2 L 93824992413604 4
0 0 -  I 93824992251393 64
0 0 3 L 93824992413604 4
0 0 4 S 93824992413604 4
0 0 -  I 93824992251401 64
0 0 -  I 93824992251414 64
0 0 9 S 93824992418268 4
0 0 -  I 93824992251369 64
0 0 3 L 140737488337976 8
0 0 0 L 93824992396840 4
0 0 0 L 140737488338224 8
0 0 2 L 93824992413608 4
0 0 -  I 93824992251360 64
0 0 -  I 93824992251369 64
0 0 3 L 140737488337976 8
0 0 0 L 93824992396844 4
0 0 0 L 140737488338224 8
0 0 2 L 93824992413616 4
0 0 -  I 93824992251360 64
0 0 -  I 93824992251442 64
0 0 -  I 93824992251369 64
0 0 0 L 140737488337976 8
0 0 0 L 93824992397172 4
0 0 0 L 140737488338224 8
0 0 2 L 93824992413516 4
0 0 -  I 93824992251360 64
0 0 -  I 93824992251369 64
0 0 3 L 140737488337976 8
0 0 0 L 93824992397176 4
0 0 0 L 140737488338224 8
0 0 2 L 93824992413556 4
0 0 -  I 93824992251360 64
0 0 -  I 93824992251369 64
0 0 3 L 140737488337976 8
0 0 0 L 93824992397180 4
0 0 0 L 140737488338224 8
0 0 2 L 93824992413560 4
0 0 -  I 93824992251360 64
0 0 -  I 93824992251369 64
0 0 3 L 140737488337976 8
0 0 0 L 93824992397184 4
0 0 0 L 140737488338224 8
0 0 2 L 93824992413680 4
0 0 -  I 93824992251393 64
0 0 3 L 93824992413680 4
0 0 4 S 93824992413680 4
0 0 -  I 93824992251401 64
0 0 -  I 93824992251414 64
0 0 9 S 93824992418256 4
0 0 -  I 93824992251442 64
0 0 -  I 93824992251369 64
0 0 0 L 140737488337976 8
0 0 0 L 93824992397212 4
0 0 0 L 140737488338224 8
0 0 2 L 93824992413552 4
0 0 -  I 93824992251360 64
0 0 -  I 93824992251369 64
0 0 3 L 140737488337976 8
0 0 0 L 93824992397216 4
0 0 0 L 140737488338224 8
0 0 2 L 93824992413556 4
0 0 -  I 93824992251360 64
0 0 -  I 93824992251369 64
0 0 3 L 140737488337976 8
0 0 0 L 93824992397220 4
0 0 0 L 140737488338224 8
0 0 2 L 93824992413564 4
0 0 -  I 93824992251360 64
0 0 -  I 93824992251369 64
0 0 3 L 140737488337976 8
0 0 0 L 93824992397224 4
0 0 0 L 140737488338224 8
0 0 2 L 93824992413672 4
0 0 -  I 93824992251360 64
0 0 -  I 93824992251369 64
0 0 3 L 140737488337976 8
0 0 0 L 93824992397228 4
0 0 0 L 140737488338224 8
0 0 2 L 93824992413676 4
0 0 -  I 93824992251360 64
0 0 -  I 93824992251369 64
0 0 3 L 140737488337976 8
0 0 0 L 93824992397232 4
0 0 0 L 140737488338224 8
0 0 2 L 93824992413680 4
0 0 -  I 93824992251360 64
0 0 -  I 93824992251442 64
0 0 -  I 93824992251369 64
0 0 0 L 140737488337976 8
0 0 0 L 93824992397728 4
0 0 0 L 140737488338224 8
0 0 2 L 93824992413560 4
0 0 -  I 93824992251360 64
0 0 -  I 93824992251369 64
0 0 3 L 140737488337976 8
0 0 0 L 93824992397732 4
0 0 0 L 140737488338224 8
0 0 2 L 93824992413564 4
0 0 -  I 93824992251360 64
0 0 -  I 93824992251369 64
0 0 3 L 140737488337976 8
0 0 0 L 93824992397736 4
0 0 0 L 140737488338224 8
0 0 2 L 93824992413668 4
0 0 -  I 93824992251360 64
0 0 -  I 93824992251369 64
0 0 3 L 140737488337976 8
0 0 0 L 93824992397740 4
0 0 0 L 140737488338224 8
0 0 2 L 93824992413676 4
0 0 -  I 93824992251360 64
0 0 -  I 93824992251442 64
0 0 -  I 93824992251369 64
0 0 0 L 140737488337976 8
0 0 0 L 93824992396164 4
0 0 0 L 140737488338224 8
0 0 2 L 93824992413348 4
0 0 -  I 93824992251393 64
0 0 3 L 93824992413348 4
0 0 4 S 93824992413348 4
0 0 -  I 93824992251401 64
0 0 -  I 93824992251414 64
0 0 9 S 93824992418256 4
0 0 -  I 93824992251369 64
0 0 3 L 140737488337976 8
0 0 0 L 93824992396168 4
0 0 0 L 140737488338224 8
0 0 2 L 93824992413372 4
0 0 -  I 93824992251393 64
0 0 3 L 93824992413372 4
0 0 4 S 93824992413372 4
0 0 -  I 93824992251401 64
0 0 -  I 93824992251414 64
0 0 9 S 93824992418260 4
0 0 -  I 93824992251369 64
0 0 3 L 140737488337976 8
0 0 0 L 93824992396172 4
0 0 0 L 140737488338224 8
0 0 2 L 93824992413380 4
0 0 -  I 93824992251393 64
0 0 3 L 93824992413380 4
0 0 4 S 93824992413380 4
0 0 -  I 93824992251401 64
0 0 -  I 93824992251414 64
0 0 9 S 93824992418264 4
0 0 -  I 93824992251369 64
0 0 3 L 140737488337976 8
0 0 0 L 93824992396176 4
0 0 0 L 140737488338224 8
0 0 2 L 93824992413384 4
0 0 -  I 93824992251393 64
0 0 3 L 93824992413384 4
0 0 4 S 93824992413384 4
0 0 -  I 93824992251401 64
0 0 -  I 93824992251414 64
0 0 9 S 93824992418268 4
0 0 -  I 93824992251369 64
0 0 3 L 140737488337976 8
0 0 0 L 93824992396180 4
0 0 0 L 140737488338224 8
0 0 2 L 93824992413412 4
0 0 -  I 93824992251393 64
0 0 3 L 93824992413412 4
0 0 4 S 93824992413412 4
0 0 -  I 93824992251401 64
0 0 -  I 93824992251414 64
0 0 9 S 93824992418272 4
0 0 -  I 93824992251369 64
0 0 3 L 140737488337976 8
0 0 0 L 93824992396184 4
0 0 0 L 140737488338224 8
0 0 2 L 93824992413416 4
0 0 -  I 93824992251393 64
0 0 3 L 93824992413416 4
0 0 4 S 93824992413416 4
0 0 -  I 93824992251401 64
0 0 -  I 93824992251414 64
0 0 9 S 93824992418276 4
0 0 -  I 93824992251369 64
0 0 3 L 140737488337976 8
0 0 0 L 93824992396188 4
0 0 0 L 140737488338224 8
0 0 2 L 93824992413420 4
0 0 -  I 93824992251393 64
0 0 3 L 93824992413420 4
0 0 4 S 93824992413420 4
0 0 -  I 93824992251401 64
0 0 -  I 93824992251414 64
0 0 9 S 93824992418280 4
0 0 -  I 93824992251442 64
0 0 -  I 93824992251369 64
0 0 0 L 140737488337976 8
0 0 0 L 93824992397628 4
0 0 0 L 140737488338224 8
0 0 2 L 93824992413644 4
0 0 -  I 93824992251360 64
0 0 -  I 93824992251369 64
0 0 3 L 140737488337976 8
0 0 0 L 93824992397632 4
0 0 0 L 140737488338224 8
0 0 2 L 93824992413652 4
0 0 -  I 93824992251360 64
0 0 -  I 93824992251442 64
0 0 -  I 93824992251369 64
0 0 0 L 140737488337976 8
0 0 0 L 93824992397476 4
0 0 0 L 140737488338224 8
0 0 2 L 93824992413608 4
0 0 -  I 93824992251393 64
0 0 3 L 93824992413608 4
0 0 4 S 93824992413608 4
0 0 -  I 93824992251401 64
0 0 -  I 93824992251414 64
0 0 9 S 93824992418256 4
0 0 -  I 93824992251369 64
0 0 3 L 140737488337976 8
0 0 0 L 93824992397480 4
0 0 0 L 140737488338224 8
0 0 2 L 93824992413616 4
0 0 -  I 93824992251393 64
0 0 3 L 93824992413616 4
0 0 4 S 93824992413616 4
0 0 -  I 93824992251401 64
0 0 -  I 93824992251414 64
0 0 9 S 93824992418260 4
0 0 -  I 93824992251442 64
0 0 -  I 93824992251369 64
0 0 0 L 140737488337976 8
0 0 0 L 93824992397460 4
0 0 0 L 140737488338224 8
0 0 2 L 93824992413492 4
0 0 -  I 93824992251360 64
0 0 -  I 93824992251369 64
0 0 3 L 140737488337976 8
0 0 0 L 93824992397464 4
0 0 0 L 140737488338224 8
0 0 2 L 93824992413604 4
0 0 -  I 93824992251393 64
0 0 3 L 93824992413604 4
0 0 4 S 93824992413604 4
0 0 -  I 93824992251401 64
0 0 -  I 93824992251414 64
0 0 9 S 93824992418256 4
0 0 -  I 93824992251369 64
0 0 3 L 140737488337976 8
0 0 0 L 93824992397468 4
0 0 0 L 140737488338224 8
0 0 2 L 93824992413612 4
0 0 -  I 93824992251360 64
0 0 -  I 93824992251369 64
0 0 3 L 140737488337976 8
0 0 0 L 93824992397472 4
0 0 0 L 140737488338224 8
0 0 2 L 93824992413616 4
0 0 -  I 93824992251360 64
0 0 -  I 93824992251442 64
0 0 -  I 93824992251369 64
0 0 0 L 140737488337976 8
0 0 0 L 93824992397444 4
0 0 0 L 140737488338224 8
0 0 2 L 93824992413480 4
0 0 -  I 93824992251393 64
0 0 3 L 93824992413480 4
0 0 4 S 93824992413480 4
0 0 -  I 93824992251401 64
0 0 -  I 93824992251414 64
0 0 9 S 93824992418256 4
0 0 -  I 93824992251369 64
0 0 3 L 140737488337976 8
0 0 0 L 93824992397448 4
0 0 0 L 140737488338224 8
0 0 2 L 93824992413492 4
0 0 -  I 93824992251360 64
0 0 -  I 93824992251369 64
0 0 3 L 140737488337976 8
0 0 0 L 93824992397452 4
0 0 0 L 140737488338224 8
0 0 2 L 93824992413600 4
0 0 -  I 93824992251393 64
0 0 3 L 93824992413600 4
0 0 4 S 93824992413600 4
0 0 -  I 93824992251401 64
0 0 -  I 93824992251414 64
0 0 9 S 93824992418260 4
0 0 -  I 93824992251369 64
0 0 3 L 140737488337976 8
0 0 0 L 93824992397456 4
0 0 0 L 140737488338224 8
0 0 2 L 93824992413608 4
0 0 -  I 93824992251360 64
0 0 -  I 93824992251442 64
0 0 -  I 93824992251369 64
0 0 0 L 140737488337976 8
0 0 0 L 93824992397172 4
0 0 0 L 140737488338224 8
0 0 2 L 93824992413516 4
0 0 -  I 93824992251360 64
0 0 -  I 93824992251369 64
0 0 3 L 140737488337976 8
0 0 0 L 93824992397176 4
0 0 0 L 140737488338224 8
0 0 2 L 93824992413556 4
0 0 -  I 93824992251360 64
0 0 -  I 93824992251369 64
0 0 3 L 140737488337976 8
0 0 0 L 93824992397180 4
0 0 0 L 140737488338224 8
0 0 2 L 93824992413560 4
0 0 -  I 93824992251393 64
0 0 3 L 93824992413560 4
0 0 4 S 93824992413560 4
0 0 -  I 93824992251401 64
0 0 -  I 93824992251414 64
0 0 9 S 93824992418256 4
0 0 -  I 93824992251369 64
0 0 3 L 140737488337976 8
0 0 0 L 93824992397184 4
0 0 0 L 140737488338224 8
0 0 2 L 93824992413680 4
0 0 -  I 93824992251393 64
0 0 3 L 93824992413680 4
0 0 4 S 93824992413680 4
0 0 -  I 93824992251401 64
0 0 -  I 93824992251414 64
0 0 9 S 93824992418260 4
0 0 -  I 93824992251442 64
0 0 -  I 93824992251369 64
0 0 0 L 140737488337976 8
0 0 0 L 93824992397236 4
0 0 0 L 140737488338224 8
0 0 2 L 93824992413556 4
0 0 -  I 93824992251360 64
0 0 -  I 93824992251369 64
0 0 3 L 140737488337976 8
0 0 0 L 93824992397240 4
0 0 0 L 140737488338224 8
0 0 2 L 93824992413560 4
0 0 -  I 93824992251360 64
0 0 -  I 93824992251369 64
0 0 3 L 140737488337976 8
0 0 0 L 93824992397244 4
0 0 0 L 140737488338224 8
0 0 2 L 93824992413664 4
0 0 -  I 93824992251360 64
0 0 -  I 93824992251369 64
0 0 3 L 140737488337976 8
0 0 0 L 93824992397248 4
0 0 0 L 140737488338224 8
0 0 2 L 93824992413668 4
0 0 -  I 93824992251360 64
0 0 -  I 93824992251369 64
0 0 3 L 140737488337976 8
0 0 0 L 93824992397252 4
0 0 0 L 140737488338224 8
0 0 2 L 93824992413672 4
0 0 -  I 93824992251360 64
0 0 -  I 93824992251442 64
0 0 -  I 93824992251369 64
0 0 0 L 140737488337976 8
0 0 0 L 93824992397728 4
0 0 0 L 140737488338224 8
0 0 2 L 93824992413560 4
0 0 -  I 93824992251360 64
0 0 -  I 93824992251369 64
0 0 3 L 140737488337976 8
0 0 0 L 93824992397732 4
0 0 0 L 140737488338224 8
0 0 2 L 93824992413564 4
0 0 -  I 93824992251360 64
0 0 -  I 93824992251369 64
0 0 3 L 140737488337976 8
0 0 0 L 93824992397736 4
0 0 0 L 140737488338224 8
0 0 2 L 93824992413668 4
0 0 -  I 93824992251360 64
0 0 -  I 93824992251369 64
0 0 3 L 140737488337976 8
0 0 0 L 93824992397740 4
0 0 0 L 140737488338224 8
0 0 2 L 93824992413676 4
0 0 -  I 93824992251360 64
0 0 -  I 93824992251442 64
