14 14 -  I 93824992251369 64
14 14 0 L 140737488337976 8
14 14 0 L 93824992397188 4
14 14 0 L 140737488338224 8
14 14 2 L 93824992413516 4
14 14 -  I 93824992251360 64
14 14 -  I 93824992251369 64
14 14 3 L 140737488337976 8
14 14 0 L 93824992397192 4
14 14 0 L 140737488338224 8
14 14 2 L 93824992413548 4
14 14 -  I 93824992251360 64
14 14 -  I 93824992251369 64
14 14 3 L 140737488337976 8
14 14 0 L 93824992397196 4
14 14 0 L 140737488338224 8
14 14 2 L 93824992413552 4
14 14 -  I 93824992251360 64
14 14 -  I 93824992251369 64
14 14 3 L 140737488337976 8
14 14 0 L 93824992397200 4
14 14 0 L 140737488338224 8
14 14 2 L 93824992413560 4
14 14 -  I 93824992251393 64
14 14 3 L 93824992413560 4
14 14 4 S 93824992413560 4
14 14 -  I 93824992251401 64
14 14 -  I 93824992251414 64
14 14 9 S 140736347507488 4
14 14 -  I 93824992251369 64
14 14 3 L 140737488337976 8
14 14 0 L 93824992397204 4
14 14 0 L 140737488338224 8
14 14 2 L 93824992413564 4
14 14 -  I 93824992251393 64
14 14 3 L 93824992413564 4
14 14 4 S 93824992413564 4
14 14 -  I 93824992251401 64
14 14 -  I 93824992251414 64
14 14 9 S 140736347507492 4
14 14 -  I 93824992251369 64
14 14 3 L 140737488337976 8
14 14 0 L 93824992397208 4
14 14 0 L 140737488338224 8
14 14 2 L 93824992413664 4
14 14 -  I 93824992251360 64
14 14 -  I 93824992251442 64
7 14 -  I 93824992251369 64
7 14 0 L 140737488337976 8
7 14 0 L 93824992397236 4
7 14 0 L 140737488338224 8
7 14 2 L 93824992413556 4
7 14 -  I 93824992251360 64
7 14 -  I 93824992251369 64
7 14 3 L 140737488337976 8
7 14 0 L 93824992397240 4
7 14 0 L 140737488338224 8
7 14 2 L 93824992413560 4
7 14 -  I 93824992251360 64
7 14 -  I 93824992251369 64
7 14 3 L 140737488337976 8
7 14 0 L 93824992397244 4
7 14 0 L 140737488338224 8
7 14 2 L 93824992413664 4
7 14 -  I 93824992251360 64
7 14 -  I 93824992251369 64
7 14 3 L 140737488337976 8
7 14 0 L 93824992397248 4
7 14 0 L 140737488338224 8
7 14 2 L 93824992413668 4
7 14 -  I 93824992251360 64
7 14 -  I 93824992251369 64
7 14 3 L 140737488337976 8
7 14 0 L 93824992397252 4
7 14 0 L 140737488338224 8
7 14 2 L 93824992413672 4
7 14 -  I 93824992251360 64
7 14 -  I 93824992251442 64
4 14 -  I 93824992251369 64
4 14 0 L 140737488337976 8
4 14 0 L 93824992397744 4
4 14 0 L 140737488338224 8
4 14 2 L 93824992413560 4
4 14 -  I 93824992251360 64
4 14 -  I 93824992251369 64
4 14 3 L 140737488337976 8
4 14 0 L 93824992397748 4
4 14 0 L 140737488338224 8
4 14 2 L 93824992413672 4
4 14 -  I 93824992251360 64
4 14 -  I 93824992251369 64
4 14 3 L 140737488337976 8
4 14 0 L 93824992397752 4
4 14 0 L 140737488338224 8
4 14 2 L 93824992413680 4
4 14 -  I 93824992251360 64
4 14 -  I 93824992251442 64
6 14 -  I 93824992251369 64
6 14 0 L 140737488337976 8
6 14 0 L 93824992397188 4
6 14 0 L 140737488338224 8
6 14 2 L 93824992413516 4
6 14 -  I 93824992251360 64
6 14 -  I 93824992251369 64
6 14 3 L 140737488337976 8
6 14 0 L 93824992397192 4
6 14 0 L 140737488338224 8
6 14 2 L 93824992413548 4
6 14 -  I 93824992251360 64
6 14 -  I 93824992251369 64
6 14 3 L 140737488337976 8
6 14 0 L 93824992397196 4
6 14 0 L 140737488338224 8
6 14 2 L 93824992413552 4
6 14 -  I 93824992251360 64
6 14 -  I 93824992251369 64
6 14 3 L 140737488337976 8
6 14 0 L 93824992397200 4
6 14 0 L 140737488338224 8
6 14 2 L 93824992413560 4
6 14 -  I 93824992251393 64
6 14 3 L 93824992413560 4
6 14 4 S 93824992413560 4
6 14 -  I 93824992251401 64
6 14 -  I 93824992251414 64
6 14 9 S 140736548834080 4
6 14 -  I 93824992251369 64
6 14 3 L 140737488337976 8
6 14 0 L 93824992397204 4
6 14 0 L 140737488338224 8
6 14 2 L 93824992413564 4
6 14 -  I 93824992251393 64
6 14 3 L 93824992413564 4
6 14 4 S 93824992413564 4
6 14 -  I 93824992251401 64
6 14 -  I 93824992251414 64
6 14 9 S 140736548834084 4
6 14 -  I 93824992251369 64
6 14 3 L 140737488337976 8
6 14 0 L 93824992397208 4
6 14 0 L 140737488338224 8
6 14 2 L 93824992413664 4
6 14 -  I 93824992251393 64
6 14 3 L 93824992413664 4
6 14 4 S 93824992413664 4
6 14 -  I 93824992251401 64
6 14 -  I 93824992251414 64
6 14 9 S 140736548834088 4
6 14 -  I 93824992251442 64
